{"pred_grasps_cam": {"1.0": [[[0.38816580176353455, -0.9155635833740234, 0.10521664470434189, -0.0387490876019001], [0.7220107316970825, 0.3730684518814087, 0.5826837420463562, 0.14665840566158295], [-0.5727370977401733, -0.15021035075187683, 0.8058591485023499, 0.667711615562439], [0.0, 0.0, 0.0, 1.0]], [[-0.9431050419807434, -0.30514708161354065, 0.13205279409885406, -0.042351510375738144], [0.3186315894126892, -0.7159618139266968, 0.6211863160133362, 0.14805692434310913], [-0.09500841796398163, 0.6279200911521912, 0.7724568247795105, 0.7359392642974854], [0.0, 0.0, 0.0, 1.0]], [[0.9887290000915527, 0.1189706027507782, -0.09088930487632751, -0.028424575924873352], [-0.0876321867108345, 0.952099084854126, 0.2929641008377075, 0.1966395080089569], [0.1213897317647934, -0.28169727325439453, 0.9517937302589417, 0.6902365684509277], [0.0, 0.0, 0.0, 1.0]], [[0.7207277417182922, 0.6921417117118835, 0.03861703351140022, -0.0355922169983387], [-0.3173932731151581, 0.2799513339996338, 0.9060291051864624, 0.13588105142116547], [0.6162896752357483, -0.6652570962905884, 0.4214498698711395, 0.7148861289024353], [0.0, 0.0, 0.0, 1.0]], [[-0.9518811702728271, 0.30216193199157715, -0.051190074533224106, -0.033089425414800644], [-0.22493939101696014, -0.5753970742225647, 0.7863336205482483, 0.14433561265468597], [0.20814543962478638, 0.760010838508606, 0.6156777739524841, 0.7200594544410706], [0.0, 0.0, 0.0, 1.0]], [[-0.8675606846809387, 0.4959169328212738, 0.03748033568263054, -0.04217928647994995], [-0.2230227142572403, -0.4553019404411316, 0.8619518280029297, 0.12647069990634918], [0.44452136754989624, 0.7394365668296814, 0.5056028366088867, 0.6986663341522217], [0.0, 0.0, 0.0, 1.0]], [[0.9757861495018005, -0.15275774896144867, -0.15654511749744415, -0.02374117076396942], [0.21013084053993225, 0.8533740639686584, 0.4770718812942505, 0.16401438415050507], [0.06071508303284645, -0.49841511249542236, 0.8648098111152649, 0.6596639752388], [0.0, 0.0, 0.0, 1.0]], [[-0.7495743632316589, -0.5990593433380127, -0.28154245018959045, -0.010703939944505692], [0.5053527355194092, -0.7926332354545593, 0.3411027193069458, 0.17640718817710876], [-0.4275006651878357, 0.11340359598398209, 0.8968738913536072, 0.690319836139679], [0.0, 0.0, 0.0, 1.0]], [[0.9961211085319519, -0.01277411449700594, -0.08706017583608627, -0.028468411415815353], [-0.007037821225821972, 0.9746702313423157, -0.2235359102487564, 0.27794378995895386], [0.0877104252576828, 0.22328156232833862, 0.9707997441291809, 0.6965355277061462], [0.0, 0.0, 0.0, 1.0]], [[0.9956884384155273, 0.035955291241407394, -0.08550938963890076, -0.02469150722026825], [-0.05497037246823311, 0.9712333679199219, -0.23169822990894318, 0.26845771074295044], [0.07471882551908493, 0.2353997379541397, 0.9690222144126892, 0.6691386699676514], [0.0, 0.0, 0.0, 1.0]], [[-0.9749754667282104, 0.13823364675045013, -0.17410996556282043, -0.018457897007465363], [-0.15246626734733582, 0.15420307219028473, 0.9762046337127686, 0.13719403743743896], [0.1617926061153412, 0.9783214330673218, -0.12926824390888214, 0.8196157217025757], [0.0, 0.0, 0.0, 1.0]], [[0.9868384599685669, -0.08452802896499634, -0.1378585696220398, -0.019408687949180603], [0.15980088710784912, 0.6403411626815796, 0.7512834668159485, 0.13594257831573486], [0.024772008880972862, -0.763425350189209, 0.6454208493232727, 0.7338047027587891], [0.0, 0.0, 0.0, 1.0]], [[-0.9885717034339905, -0.13997720181941986, 0.055966928601264954, -0.041948139667510986], [0.1493811011314392, -0.8596393465995789, 0.48857489228248596, 0.16202089190483093], [-0.020278003066778183, 0.4913517236709595, 0.870725154876709, 0.6766045689582825], [0.0, 0.0, 0.0, 1.0]], [[0.740656852722168, -0.6717338562011719, 0.014181320555508137, -0.03714261204004288], [0.6350657939910889, 0.7068055868148804, 0.3116365969181061, 0.17729347944259644], [-0.21936026215553284, -0.22180971503257751, 0.950095534324646, 0.6757104396820068], [0.0, 0.0, 0.0, 1.0]], [[0.9501046538352966, 0.23225268721580505, 0.20823031663894653, -0.061578717082738876], [-0.1706819236278534, -0.17167100310325623, 0.9702560305595398, 0.11685079336166382], [0.2610916793346405, -0.9573859572410583, -0.12346408516168594, 0.7492847442626953], [0.0, 0.0, 0.0, 1.0]], [[-0.8712816834449768, 0.4907766282558441, -0.0025387469213455915, -0.043370358645915985], [-0.3410702347755432, -0.6017703413963318, 0.7221797108650208, 0.15094032883644104], [0.3529011607170105, 0.6300878524780273, 0.69170081615448, 0.6903843879699707], [0.0, 0.0, 0.0, 1.0]], [[0.9816256761550903, 0.18886414170265198, 0.02722775563597679, -0.04215390607714653], [-0.09564438462257385, 0.3635207414627075, 0.9266632795333862, 0.13882330060005188], [0.1651156097650528, -0.9122406840324402, 0.3749051094055176, 0.7688421010971069], [0.0, 0.0, 0.0, 1.0]], [[-0.33852848410606384, 0.47529610991477966, 0.8120912313461304, -0.1320039927959442], [-0.5530783534049988, -0.7987321019172668, 0.23692099750041962, 0.22098977863788605], [0.761250913143158, -0.36894556879997253, 0.533269464969635, 0.7275148034095764], [0.0, 0.0, 0.0, 1.0]], [[-0.9359939098358154, 0.28284621238708496, 0.20955540239810944, -0.06580407172441483], [-0.25468888878822327, -0.9550779461860657, 0.1515251100063324, 0.22434227168560028], [0.24299998581409454, 0.08845515549182892, 0.9659848809242249, 0.6924954652786255], [0.0, 0.0, 0.0, 1.0]], [[-0.9654989838600159, -0.2275400161743164, 0.12663859128952026, -0.052390243858098984], [0.18846732378005981, -0.27498793601989746, 0.9427945613861084, 0.12393541634082794], [-0.17969942092895508, 0.9341344237327576, 0.30838438868522644, 0.7551871538162231], [0.0, 0.0, 0.0, 1.0]], [[0.9824100136756897, 0.1691918671131134, -0.07902310788631439, -0.025167644023895264], [-0.04672888293862343, 0.6324560642242432, 0.7731853723526001, 0.1298275887966156], [0.1807953417301178, -0.7558923363685608, 0.6292373538017273, 0.6842959523200989], [0.0, 0.0, 0.0, 1.0]], [[-0.9998436570167542, -0.01644113101065159, -0.006518149748444557, -0.019239500164985657], [-0.007268003188073635, 0.045969825237989426, 0.9989163279533386, 0.13038000464439392], [-0.016123678535223007, 0.9988075494766235, -0.04608212783932686, 0.8227328658103943], [0.0, 0.0, 0.0, 1.0]], [[0.9929069876670837, 0.09540846198797226, -0.07094299793243408, -0.03059922158718109], [-0.08009336143732071, 0.9777371883392334, 0.19394628703594208, 0.20860761404037476], [0.08786771446466446, -0.18688856065273285, 0.9784436821937561, 0.67039954662323], [0.0, 0.0, 0.0, 1.0]], [[0.7493898272514343, -0.6557481288909912, 0.09170156717300415, -0.04800038784742355], [0.5478787422180176, 0.6918774843215942, 0.470249205827713, 0.15866196155548096], [-0.37181130051612854, -0.3021586239337921, 0.8777565360069275, 0.6610708236694336], [0.0, 0.0, 0.0, 1.0]], [[0.9980102181434631, -0.029196111485362053, -0.055886104702949524, -0.032395511865615845], [0.05592922121286392, 0.8191583752632141, 0.5708341002464294, 0.15617133677005768], [0.029113436117768288, -0.5728239417076111, 0.8191612958908081, 0.6979347467422485], [0.0, 0.0, 0.0, 1.0]], [[-0.983980655670166, -0.1702662706375122, 0.05283331125974655, -0.03891971334815025], [0.1713194102048874, -0.8211373686790466, 0.5444106459617615, 0.15267860889434814], [-0.04931141808629036, 0.5447409152984619, 0.8371533155441284, 0.6647527813911438], [0.0, 0.0, 0.0, 1.0]], [[-0.9276906847953796, 0.2944225072860718, 0.22957678139209747, -0.07282055169343948], [-0.2861008644104004, -0.9556746482849121, 0.06951498985290527, 0.22842733561992645], [0.23986752331256866, -0.0011937046656385064, 0.9708048701286316, 0.6709535717964172], [0.0, 0.0, 0.0, 1.0]], [[0.9606279730796814, 0.24946780502796173, -0.12231028825044632, -0.024490833282470703], [-0.1118883341550827, 0.7502998113632202, 0.6515606641769409, 0.1542215347290039], [0.25431278347969055, -0.6122223138809204, 0.7486714720726013, 0.6781331300735474], [0.0, 0.0, 0.0, 1.0]], [[0.9684906601905823, 0.22387734055519104, -0.10910902172327042, -0.026149194687604904], [-0.1104765236377716, 0.7788305282592773, 0.6174284815788269, 0.1711735874414444], [0.22320570051670074, -0.5859197378158569, 0.779023289680481, 0.680438756942749], [0.0, 0.0, 0.0, 1.0]], [[-0.9908902645111084, 0.1248132586479187, -0.05057678371667862, -0.015539262443780899], [-0.019443675875663757, 0.23903104662895203, 0.9708172082901001, 0.14729727804660797], [0.13326027989387512, 0.9629567265510559, -0.23442673683166504, 0.8415043354034424], [0.0, 0.0, 0.0, 1.0]], [[0.9794460535049438, 0.10456988960504532, 0.17248311638832092, -0.03489750623703003], [-0.1803268939256668, 0.07081611454486847, 0.9810541868209839, 0.12059412896633148], [0.09037414193153381, -0.9919930100440979, 0.0882173404097557, 0.8170577883720398], [0.0, 0.0, 0.0, 1.0]], [[-0.19045472145080566, -0.9762648344039917, -0.10312078148126602, -0.02344581112265587], [0.8147978782653809, -0.2157919555902481, 0.5380876064300537, 0.15611892938613892], [-0.5475687384605408, 0.018458733335137367, 0.8365570306777954, 0.6818873882293701], [0.0, 0.0, 0.0, 1.0]], [[0.9931182861328125, 0.08953580260276794, -0.0754939615726471, -0.033198751509189606], [0.05047103390097618, 0.2544825077056885, 0.9657595157623291, 0.12443293631076813], [0.10568193346261978, -0.9629237055778503, 0.2482122778892517, 0.7826436758041382], [0.0, 0.0, 0.0, 1.0]], [[0.9811803102493286, 0.01698395237326622, -0.19234533607959747, -0.01693975180387497], [-0.022722909227013588, 0.9993588328361511, -0.02767007052898407, 0.27631157636642456], [0.19175206124782562, 0.03151997551321983, 0.980937123298645, 0.684760332107544], [0.0, 0.0, 0.0, 1.0]], [[-0.968974769115448, 0.15938696265220642, 0.18890142440795898, -0.05811302363872528], [-0.19871821999549866, -0.9568585753440857, -0.21197396516799927, 0.27020248770713806], [0.14696605503559113, -0.24293558299541473, 0.9588448405265808, 0.6791473627090454], [0.0, 0.0, 0.0, 1.0]], [[0.9689080715179443, -0.2354196310043335, -0.0761215016245842, -0.025750942528247833], [0.2358761876821518, 0.7860163450241089, 0.5714371800422668, 0.15124841034412384], [-0.07469481974840164, -0.5716253519058228, 0.8171076774597168, 0.7021759152412415], [0.0, 0.0, 0.0, 1.0]], [[-0.8599974513053894, 0.5037825107574463, -0.08128708600997925, -0.04289143159985542], [-0.3704432249069214, -0.5067742466926575, 0.7784289121627808, 0.1411575973033905], [0.3509646952152252, 0.6995591521263123, 0.6224473714828491, 0.6885182857513428], [0.0, 0.0, 0.0, 1.0]], [[0.9756384491920471, 0.07000857591629028, -0.207914337515831, -0.012809433043003082], [-0.12357304990291595, 0.9584400653839111, -0.25714245438575745, 0.2624031901359558], [0.1812712401151657, 0.2765706777572632, 0.9437422156333923, 0.6873773336410522], [0.0, 0.0, 0.0, 1.0]], [[0.9946708679199219, 0.0739368423819542, -0.07185544818639755, -0.03636844456195831], [0.001086086151190102, 0.6893879175186157, 0.7243914604187012, 0.13821382820606232], [0.10309550166130066, -0.7206091284751892, 0.6856337785720825, 0.6753102540969849], [0.0, 0.0, 0.0, 1.0]], [[0.9782831072807312, 0.05746937915682793, -0.19914652407169342, -0.014875508844852448], [-0.07475637644529343, 0.9939555525779724, -0.08039754629135132, 0.25533267855644226], [0.19332237541675568, 0.0935390368103981, 0.9766662120819092, 0.6892362236976624], [0.0, 0.0, 0.0, 1.0]], [[-0.43209463357925415, 0.9018282294273376, -0.00014663451293017715, -0.04005423188209534], [-0.3655054569244385, -0.174976646900177, 0.9142149090766907, 0.1218934878706932], [0.8244392275810242, 0.39508095383644104, 0.4052295982837677, 0.7108359336853027], [0.0, 0.0, 0.0, 1.0]], [[-0.9868159890174866, 0.15140971541404724, 0.05717755854129791, -0.04106351360678673], [-0.09371261298656464, -0.8225796818733215, 0.560874879360199, 0.15939682722091675], [0.13195499777793884, 0.5481220483779907, 0.8259238004684448, 0.6779581308364868], [0.0, 0.0, 0.0, 1.0]], [[-0.9288627505302429, 0.2654678225517273, 0.25834226608276367, -0.07124906033277512], [-0.2588079273700714, -0.9640565514564514, 0.06011014059185982, 0.22754088044166565], [0.2650138735771179, -0.011026956140995026, 0.9641814827919006, 0.6839879751205444], [0.0, 0.0, 0.0, 1.0]], [[-0.8268521428108215, 0.5599589943885803, 0.05254872515797615, -0.05801539868116379], [-0.26671814918518066, -0.4726644456386566, 0.8399105668067932, 0.14647150039672852], [0.49515336751937866, 0.6804661750793457, 0.5401749014854431, 0.7029966711997986], [0.0, 0.0, 0.0, 1.0]], [[0.801358163356781, 0.5958728194236755, 0.05254160985350609, -0.040634993463754654], [-0.2553468346595764, 0.2613227963447571, 0.9308642745018005, 0.122235506772995], [0.5409464240074158, -0.7593720555305481, 0.3615674078464508, 0.7132832407951355], [0.0, 0.0, 0.0, 1.0]], [[0.9755860567092896, -0.06348400563001633, -0.21024174988269806, -0.015136972069740295], [0.0608985461294651, 0.9979677200317383, -0.018755637109279633, 0.26488709449768066], [0.21100512146949768, 0.005494320765137672, 0.9774695038795471, 0.6845394968986511], [0.0, 0.0, 0.0, 1.0]], [[-0.9047502875328064, 0.41876092553138733, 0.077885203063488, -0.04920649528503418], [-0.32487213611602783, -0.7966894507408142, 0.5096508264541626, 0.17366303503513336], [0.27547216415405273, 0.43580397963523865, 0.8568488359451294, 0.6822316646575928], [0.0, 0.0, 0.0, 1.0]], [[-0.9964215755462646, -0.08312474936246872, 0.015314191579818726, -0.03182405233383179], [0.05848667025566101, -0.54726642370224, 0.8349124789237976, 0.12284717708826065], [-0.06102095916867256, 0.832820475101471, 0.5501696467399597, 0.7489912509918213], [0.0, 0.0, 0.0, 1.0]], [[-0.9846019744873047, -0.17226293683052063, 0.029737453907728195, -0.040408648550510406], [0.14546406269073486, -0.7130252122879028, 0.6858828663825989, 0.1424957513809204], [-0.09694863110780716, 0.6796473860740662, 0.7271041870117188, 0.7060844898223877], [0.0, 0.0, 0.0, 1.0]], [[0.987316906452179, 0.06541398167610168, -0.1446598321199417, -0.02285396307706833], [-0.08335637301206589, 0.9890645742416382, -0.12166815996170044, 0.25590649247169495], [0.13511914014816284, 0.13218335807323456, 0.9819726943969727, 0.698415994644165], [0.0, 0.0, 0.0, 1.0]], [[0.9889764189720154, 0.10809802263975143, -0.10119538009166718, -0.019423887133598328], [-0.014593319967389107, 0.7512421011924744, 0.6598653793334961, 0.13490216434001923], [0.14735238254070282, -0.6511145234107971, 0.7445381879806519, 0.6794780492782593], [0.0, 0.0, 0.0, 1.0]], [[-0.9004423022270203, 0.2575500011444092, 0.3505305349826813, -0.08016306161880493], [-0.3379506468772888, -0.921578586101532, -0.1910032033920288, 0.2674084007740021], [0.27384859323501587, -0.2904493808746338, 0.9168674945831299, 0.6747397780418396], [0.0, 0.0, 0.0, 1.0]], [[-0.9926238059997559, -0.11542617529630661, -0.0370781347155571, -0.018703516572713852], [-0.033241234719753265, -0.03499117121100426, 0.9988346695899963, 0.1154613271355629], [-0.11658906936645508, 0.9926995635032654, 0.030896160751581192, 0.8125737905502319], [0.0, 0.0, 0.0, 1.0]], [[-0.9747985005378723, 0.1209409311413765, -0.18745964765548706, -0.0009624138474464417], [-0.17250977456569672, 0.12414725869894028, 0.977152943611145, 0.1315423846244812], [0.14145039021968842, 0.9848658442497253, -0.10015507787466049, 0.8106369972229004], [0.0, 0.0, 0.0, 1.0]], [[0.9991524815559387, -0.008481953293085098, -0.0402769111096859, -0.024662893265485764], [0.036847349256277084, 0.6203928589820862, 0.7834250926971436, 0.1328989714384079], [0.01834256574511528, -0.7842451930046082, 0.6201797127723694, 0.6759098768234253], [0.0, 0.0, 0.0, 1.0]], [[0.9928175806999207, 0.08206351101398468, -0.08705560863018036, -0.02855096384882927], [-0.06241510808467865, 0.9760726094245911, 0.20829372107982635, 0.2226693332195282], [0.10206595063209534, -0.20136408507823944, 0.9741842150688171, 0.7084991931915283], [0.0, 0.0, 0.0, 1.0]], [[0.9923306703567505, 0.11548379808664322, -0.044082313776016235, -0.03663698956370354], [0.01193245779722929, 0.2654614746570587, 0.9640476107597351, 0.1265149712562561], [0.1230340376496315, -0.9571800231933594, 0.26204758882522583, 0.7725921869277954], [0.0, 0.0, 0.0, 1.0]], [[0.9300267696380615, 0.12148265540599823, -0.3468318581581116, 0.001834586262702942], [-0.11617959290742874, 0.9925710558891296, 0.03612711653113365, 0.2728627920150757], [0.34864407777786255, 0.006695597432553768, 0.9372313022613525, 0.6857070922851562], [0.0, 0.0, 0.0, 1.0]], [[-0.16360008716583252, -0.9813412427902222, 0.10101623088121414, -0.03937021270394325], [0.9074722528457642, -0.10953611135482788, 0.4055808186531067, 0.16952450573444366], [-0.38694825768470764, 0.15802249312400818, 0.9084601998329163, 0.6572226285934448], [0.0, 0.0, 0.0, 1.0]], [[0.9826381802558899, 0.12010756880044937, -0.14140842854976654, -0.023097731173038483], [0.03804817050695419, 0.6155235767364502, 0.7871994376182556, 0.13531941175460815], [0.18158884346485138, -0.7789125442504883, 0.6002671122550964, 0.683178186416626], [0.0, 0.0, 0.0, 1.0]], [[-0.9152673482894897, 0.2079395353794098, -0.34503161907196045, -0.0031493008136749268], [-0.2666167914867401, 0.3293907046318054, 0.9057688117027283, 0.1407718062400818], [0.3019954264163971, 0.9210118651390076, -0.24604040384292603, 0.8236391544342041], [0.0, 0.0, 0.0, 1.0]], [[0.9950480461120605, -0.09422074258327484, -0.031653132289648056, -0.020943619310855865], [0.09043014049530029, 0.7259906530380249, 0.6817330718040466, 0.14063259959220886], [-0.041253555566072464, -0.6812195777893066, 0.730915904045105, 0.6713413000106812], [0.0, 0.0, 0.0, 1.0]], [[0.9973219633102417, 0.020358417183160782, -0.07024446129798889, -0.028177455067634583], [0.03970756381750107, 0.6558524966239929, 0.7538439035415649, 0.12864401936531067], [0.061417073011398315, -0.7546143531799316, 0.6532878279685974, 0.6833038926124573], [0.0, 0.0, 0.0, 1.0]], [[-0.8988887667655945, -0.4251720607280731, -0.10596118867397308, -0.025042545050382614], [0.36887508630752563, -0.8647798895835876, 0.3407154083251953, 0.17278024554252625], [-0.2364957332611084, 0.26717883348464966, 0.9341762065887451, 0.6661182641983032], [0.0, 0.0, 0.0, 1.0]], [[-0.7559059262275696, 0.23178063333034515, 0.6122777462005615, -0.11591452360153198], [-0.2656160891056061, -0.9633775949478149, 0.03676680848002434, 0.2578980028629303], [0.598376452922821, -0.13483856618404388, 0.7897874116897583, 0.6974086761474609], [0.0, 0.0, 0.0, 1.0]], [[-0.9316627979278564, 0.2878424823284149, 0.22170045971870422, -0.06107563152909279], [-0.15999042987823486, -0.8728801608085632, 0.4609590768814087, 0.19750452041625977], [0.32620155811309814, 0.3939884603023529, 0.8592820763587952, 0.7086852788925171], [0.0, 0.0, 0.0, 1.0]], [[0.9211239218711853, -0.38722994923591614, -0.03979721665382385, -0.034845270216464996], [0.38695305585861206, 0.8997073769569397, 0.20197546482086182, 0.19013677537441254], [-0.04240506514906883, -0.2014440894126892, 0.9785816669464111, 0.6530566811561584], [0.0, 0.0, 0.0, 1.0]], [[-0.9623923897743225, 0.2580776810646057, -0.08483394980430603, -0.024821043014526367], [-0.05892338976264, 0.10653921216726303, 0.9925610423088074, 0.144113689661026], [0.2651959955692291, 0.9602319002151489, -0.08732569962739944, 0.8147163987159729], [0.0, 0.0, 0.0, 1.0]], [[-0.9946842193603516, 0.05178014189004898, 0.08900681883096695, -0.04583519697189331], [0.0339910164475441, -0.6508141160011292, 0.7584758400917053, 0.13586628437042236], [0.0972009226679802, 0.7574693560600281, 0.6455944180488586, 0.6829830408096313], [0.0, 0.0, 0.0, 1.0]], [[-0.7982017397880554, -0.568204402923584, -0.20004455745220184, -0.016907811164855957], [0.46858662366867065, -0.7943543791770935, 0.3865589201450348, 0.17142514884471893], [-0.3785507380962372, 0.21481379866600037, 0.9003079533576965, 0.6816452741622925], [0.0, 0.0, 0.0, 1.0]], [[0.998466432094574, -0.05376248434185982, -0.013209357857704163, -0.03400428965687752], [0.04845990985631943, 0.9641184210777283, -0.26101210713386536, 0.27877888083457947], [0.026768086478114128, 0.2599717080593109, 0.9652451276779175, 0.675565779209137], [0.0, 0.0, 0.0, 1.0]], [[0.9539739489555359, 0.03983711451292038, -0.2972317039966583, -0.00461374968290329], [-0.04285002872347832, 0.9990749359130859, -0.0036252858117222786, 0.267377644777298], [0.2968123257160187, 0.016194814816117287, 0.9547985196113586, 0.6847583055496216], [0.0, 0.0, 0.0, 1.0]], [[0.7873131036758423, 0.6159518361091614, 0.027228031307458878, -0.0324559360742569], [-0.33840411901474, 0.39479124546051025, 0.8541794419288635, 0.1464790254831314], [0.5153840184211731, -0.6817207932472229, 0.5192649960517883, 0.707567572593689], [0.0, 0.0, 0.0, 1.0]], [[0.3706510663032532, 0.9263499975204468, 0.06703180074691772, -0.0474291555583477], [-0.48774033784866333, 0.13271836936473846, 0.8628413081169128, 0.13284629583358765], [0.7903967499732971, -0.3525071442127228, 0.501010537147522, 0.7031841278076172], [0.0, 0.0, 0.0, 1.0]], [[0.9895631074905396, 0.1296624392271042, -0.06286849081516266, -0.029797326773405075], [-0.02664513885974884, 0.5934054255485535, 0.8044625520706177, 0.12983641028404236], [0.141615092754364, -0.7943913340568542, 0.5906670093536377, 0.6822062730789185], [0.0, 0.0, 0.0, 1.0]], [[0.6978906393051147, -0.6951690912246704, 0.17230366170406342, -0.05052727460861206], [0.5579051375389099, 0.6785286068916321, 0.4778501093387604, 0.15521670877933502], [-0.449099600315094, -0.23735801875591278, 0.8613772392272949, 0.6636899709701538], [0.0, 0.0, 0.0, 1.0]], [[0.964177668094635, 0.2651298940181732, -0.008230762556195259, -0.04581695795059204], [-0.11322332173585892, 0.43941500782966614, 0.8911200165748596, 0.12360525131225586], [0.23987933993339539, -0.8582661151885986, 0.4536929428577423, 0.6925646066665649], [0.0, 0.0, 0.0, 1.0]], [[0.8724645972251892, -0.48371607065200806, 0.06945747137069702, -0.054413583129644394], [0.33376145362854004, 0.6936527490615845, 0.6383175253868103, 0.14164674282073975], [-0.3569437861442566, -0.53372722864151, 0.7666332125663757, 0.7180211544036865], [0.0, 0.0, 0.0, 1.0]], [[-0.9162368178367615, 0.10224299132823944, 0.38737136125564575, -0.0835999995470047], [-0.10836126655340195, -0.9940930604934692, 0.006078042555600405, 0.2620493173599243], [0.3857046365737915, -0.03640712425112724, 0.9219037294387817, 0.6910374760627747], [0.0, 0.0, 0.0, 1.0]], [[-0.9277486801147461, 0.08419427275657654, 0.3635845482349396, -0.07732778787612915], [-0.1116425096988678, -0.9922191500663757, -0.0551096647977829, 0.25839200615882874], [0.3561156094074249, -0.09171941131353378, 0.9299296736717224, 0.6987962126731873], [0.0, 0.0, 0.0, 1.0]], [[0.9947269558906555, 0.013671008870005608, -0.10164333879947662, -0.02848672866821289], [0.02755470760166645, 0.9190104007720947, 0.3932693302631378, 0.17683899402618408], [0.09878767281770706, -0.39399635791778564, 0.9137877225875854, 0.6582801342010498], [0.0, 0.0, 0.0, 1.0]], [[-0.5813482403755188, -0.79349285364151, -0.18000933527946472, -0.016152996569871902], [0.7247299551963806, -0.6055489182472229, 0.32875072956085205, 0.1751391440629959], [-0.3698657751083374, 0.06066050007939339, 0.9271028637886047, 0.659995436668396], [0.0, 0.0, 0.0, 1.0]], [[-0.9441686272621155, 0.20335505902767181, 0.25921469926834106, -0.07330396771430969], [-0.24968570470809937, -0.9549694657325745, -0.16028253734111786, 0.2567502558231354], [0.21494780480861664, -0.2160559594631195, 0.9524271488189697, 0.6855074167251587], [0.0, 0.0, 0.0, 1.0]], [[-0.6662305593490601, 0.74530428647995, 0.025657182559370995, -0.05636057257652283], [-0.34841689467430115, -0.34150153398513794, 0.872916042804718, 0.13686595857143402], [0.6593499779701233, 0.5726239681243896, 0.4871954023838043, 0.709409773349762], [0.0, 0.0, 0.0, 1.0]], [[0.9722607731819153, 0.10006088763475418, -0.21141614019870758, -0.010613597929477692], [-0.10208418220281601, 0.9947748184204102, 0.001350932172499597, 0.25086578726768494], [0.21044667065143585, 0.02026878483593464, 0.9773951768875122, 0.6695349216461182], [0.0, 0.0, 0.0, 1.0]], [[-0.997424840927124, -0.03868570551276207, 0.06039026007056236, -0.040542423725128174], [0.06510251015424728, -0.13513830304145813, 0.9886856079101562, 0.12230288237333298], [-0.030086971819400787, 0.990071177482605, 0.13730885088443756, 0.776264488697052], [0.0, 0.0, 0.0, 1.0]], [[-0.8139632344245911, 0.5801947712898254, 0.028946392238140106, -0.05389393866062164], [-0.3294626772403717, -0.5021001100540161, 0.7995935082435608, 0.14417988061904907], [0.47845399379730225, 0.6413030028343201, 0.5998435616493225, 0.7005284428596497], [0.0, 0.0, 0.0, 1.0]], [[0.8978012800216675, 0.20893605053424835, -0.387683629989624, 0.011162534356117249], [-0.18063314259052277, 0.9775453209877014, 0.10852095484733582, 0.250286340713501], [0.4016522169113159, -0.027401739731431007, 0.9153822064399719, 0.6827198266983032], [0.0, 0.0, 0.0, 1.0]], [[0.9897186160087585, 0.08110629767179489, -0.11780854314565659, -0.02162274718284607], [0.016915809363126755, 0.7515156865119934, 0.6594982743263245, 0.1435893476009369], [0.1420244574546814, -0.6547105312347412, 0.7424170970916748, 0.6717727184295654], [0.0, 0.0, 0.0, 1.0]], [[0.896218478679657, 0.4338795244693756, 0.0924169197678566, -0.04030917212367058], [-0.1458602398633957, 0.09146712720394135, 0.9850677251815796, 0.1170828640460968], [0.41894766688346863, -0.89631587266922, 0.14526031911373138, 0.728468656539917], [0.0, 0.0, 0.0, 1.0]], [[-0.9262146353721619, 0.36705127358436584, -0.08602280914783478, -0.029655665159225464], [-0.29235175251960754, -0.5552412271499634, 0.7786126136779785, 0.1488073617219925], [0.23802737891674042, 0.7463113069534302, 0.6215805411338806, 0.7200378179550171], [0.0, 0.0, 0.0, 1.0]], [[0.8502253890037537, 0.5264147520065308, 0.0020386106334626675, -0.037185437977313995], [-0.2218368500471115, 0.3547767698764801, 0.9082520604133606, 0.1293361485004425], [0.4773940145969391, -0.7726711630821228, 0.4184184670448303, 0.7092688679695129], [0.0, 0.0, 0.0, 1.0]], [[0.892716109752655, 0.4468221068382263, -0.05837724357843399, -0.029916007071733475], [-0.1948162019252777, 0.49951159954071045, 0.8441177010536194, 0.1463088095188141], [0.4063306152820587, -0.7421846389770508, 0.5329702496528625, 0.7041538953781128], [0.0, 0.0, 0.0, 1.0]], [[-0.7594956159591675, 0.6421107649803162, 0.10421241819858551, -0.051883019506931305], [-0.14457157254219055, -0.32280632853507996, 0.9353582859039307, 0.12071993947029114], [0.6342440843582153, 0.6953343749046326, 0.33800092339515686, 0.7153877019882202], [0.0, 0.0, 0.0, 1.0]], [[0.9206199049949646, 0.17277993261814117, -0.3501516282558441, 0.010521210730075836], [-0.20197944343090057, 0.978195071220398, -0.0483614020049572, 0.2593958079814911], [0.3341606855392456, 0.11524590104818344, 0.9354437589645386, 0.6769028306007385], [0.0, 0.0, 0.0, 1.0]], [[-0.9298692345619202, 0.18010808527469635, 0.3207872211933136, -0.07639420032501221], [-0.18624632060527802, -0.9824333190917969, 0.011719416826963425, 0.24525155127048492], [0.31726276874542236, -0.04884791374206543, 0.9470788240432739, 0.6964828372001648], [0.0, 0.0, 0.0, 1.0]], [[-0.7799878716468811, 0.3449396789073944, 0.5221452116966248, -0.10965605825185776], [-0.28270238637924194, -0.9386014938354492, 0.19775427877902985, 0.2503090798854828], [0.5582995414733887, 0.006634245626628399, 0.8296129703521729, 0.7006328105926514], [0.0, 0.0, 0.0, 1.0]], [[-0.912527859210968, 0.223528653383255, -0.34253135323524475, -0.0009374767541885376], [-0.30364692211151123, 0.19084173440933228, 0.9334762692451477, 0.13568562269210815], [0.2740279734134674, 0.9558317065238953, -0.10627462714910507, 0.8147985339164734], [0.0, 0.0, 0.0, 1.0]], [[0.8844294548034668, 0.46646714210510254, -0.01389139425009489, -0.03499700501561165], [-0.1823413223028183, 0.37281641364097595, 0.9098129272460938, 0.13671590387821198], [0.4295767843723297, -0.8021323680877686, 0.41478604078292847, 0.7097897529602051], [0.0, 0.0, 0.0, 1.0]], [[-0.9181718230247498, 0.3692187964916229, 0.14365924894809723, -0.06043858081102371], [-0.2814736068248749, -0.8631119132041931, 0.41929760575294495, 0.18811702728271484], [0.27880656719207764, 0.3445509374141693, 0.8964104056358337, 0.6791872978210449], [0.0, 0.0, 0.0, 1.0]], [[0.979286789894104, 0.10045554488897324, 0.17580103874206543, -0.03182587772607803], [-0.16876590251922607, -0.07475963234901428, 0.9828168749809265, 0.13440069556236267], [0.11187223345041275, -0.9921287894248962, -0.05625765398144722, 0.8430392146110535], [0.0, 0.0, 0.0, 1.0]], [[0.22494104504585266, 0.9615471959114075, 0.15757031738758087, -0.05592580884695053], [-0.5124048590660095, -0.02081218548119068, 0.8584916591644287, 0.17125171422958374], [0.8287597298622131, -0.27384981513023376, 0.4880200922489166, 0.7389366030693054], [0.0, 0.0, 0.0, 1.0]], [[0.5908056497573853, 0.7498027086257935, 0.29790037870407104, -0.06833868473768234], [-0.4291374385356903, -0.020629798993468285, 0.9030035734176636, 0.1273232102394104], [0.6832201480865479, -0.6613398194313049, 0.3095802068710327, 0.7053463459014893], [0.0, 0.0, 0.0, 1.0]], [[-0.9753702878952026, -0.2192591279745102, 0.024045130237936974, -0.038354210555553436], [0.21106235682964325, -0.8960831165313721, 0.39049673080444336, 0.16473878920078278], [-0.06407355517148972, 0.3859539031982422, 0.9202902317047119, 0.6579512357711792], [0.0, 0.0, 0.0, 1.0]], [[-0.9553354978561401, 0.2952757179737091, -0.012097136117517948, -0.038683291524648666], [-0.19256681203842163, -0.5909358263015747, 0.7833982706069946, 0.1300150454044342], [0.22416983544826508, 0.750737726688385, 0.6214022636413574, 0.6847540140151978], [0.0, 0.0, 0.0, 1.0]], [[0.968970000743866, -0.24347227811813354, -0.04264324903488159, -0.03527454286813736], [0.24694447219371796, 0.9460325837135315, 0.20985892415046692, 0.19150516390800476], [-0.010752921923995018, -0.21387751400470734, 0.9768012762069702, 0.6528065204620361], [0.0, 0.0, 0.0, 1.0]], [[-0.9104246497154236, 0.34595105051994324, 0.2268141806125641, -0.06703591346740723], [-0.2747897803783417, -0.9156020879745483, 0.29353582859039307, 0.20611757040023804], [0.30922064185142517, 0.20491603016853333, 0.9286506772041321, 0.6922764778137207], [0.0, 0.0, 0.0, 1.0]], [[-0.9160951375961304, 0.25796523690223694, 0.30695870518684387, -0.08239281177520752], [-0.3203160762786865, -0.9313278794288635, -0.17327989637851715, 0.2575811743736267], [0.24117906391620636, -0.25706467032432556, 0.9358153343200684, 0.6755896806716919], [0.0, 0.0, 0.0, 1.0]], [[0.703086793422699, -0.7091044187545776, 0.05329110473394394, -0.023215770721435547], [0.6451020836830139, 0.6675657033920288, 0.3717517852783203, 0.17510396242141724], [-0.29918617010116577, -0.2269955575466156, 0.926801323890686, 0.6521976590156555], [0.0, 0.0, 0.0, 1.0]], [[-0.9515371322631836, 0.0782449021935463, 0.2974133789539337, -0.0740484744310379], [-0.10436507314443588, -0.9918591380119324, -0.07296012341976166, 0.26098477840423584], [0.28928342461586, -0.10046382993459702, 0.9519569277763367, 0.6895894408226013], [0.0, 0.0, 0.0, 1.0]], [[0.18185444176197052, 0.9833099842071533, 0.005513797048479319, -0.0392155721783638], [-0.5485866665840149, 0.09679944813251495, 0.8304713368415833, 0.14287324249744415], [0.816076934337616, -0.15404970943927765, 0.5570341348648071, 0.708231508731842], [0.0, 0.0, 0.0, 1.0]], [[0.9833038449287415, 0.14230312407016754, -0.11341694742441177, -0.024752028286457062], [-0.08693300187587738, 0.9148960709571838, 0.3942180573940277, 0.19031114876270294], [0.1598631739616394, -0.37777644395828247, 0.9119916558265686, 0.6675575971603394], [0.0, 0.0, 0.0, 1.0]], [[-0.9570212364196777, 0.1138576939702034, 0.2667332887649536, -0.06624346226453781], [-0.10067214071750641, -0.9929454922676086, 0.06264350563287735, 0.25069206953048706], [0.2719840109348297, 0.033098552376031876, 0.9617323875427246, 0.7023381590843201], [0.0, 0.0, 0.0, 1.0]], [[-0.9323670268058777, 0.3576863706111908, 0.052461888641119, -0.0452558808028698], [-0.20394761860370636, -0.6402460336685181, 0.7406014204025269, 0.16388797760009766], [0.2984914481639862, 0.6798129081726074, 0.6698935031890869, 0.7258828282356262], [0.0, 0.0, 0.0, 1.0]]], "2.0": [[[0.962880551815033, 0.26956868171691895, 0.0139213427901268, -0.18200986087322235], [-0.13771873712539673, 0.44625672698020935, 0.8842446208000183, 0.09253442287445068], [0.23215213418006897, -0.8533391952514648, 0.46681657433509827, 0.8435694575309753], [0.0, 0.0, 0.0, 1.0]], [[0.998501718044281, 0.01825474202632904, -0.05158550292253494, -0.16323889791965485], [0.023849451914429665, 0.7032835483551025, 0.7105092406272888, 0.12337488681077957], [0.049249403178691864, -0.7106750011444092, 0.7017945051193237, 0.7984044551849365], [0.0, 0.0, 0.0, 1.0]]], "3.0": [[[0.913116455078125, -0.4024142920970917, -0.0654289722442627, 0.3116445541381836], [0.35233229398727417, 0.6981374025344849, 0.6232704520225525, 0.12579768896102905], [-0.20513451099395752, -0.5921712517738342, 0.7792643904685974, 0.7292017936706543], [0.0, 0.0, 0.0, 1.0]], [[-0.9733167886734009, 0.21105839312076569, 0.09004779905080795, 0.30409565567970276], [-0.019933583214879036, -0.46871042251586914, 0.8831267952919006, 0.13968729972839355], [0.2285977005958557, 0.8577671647071838, 0.4604109525680542, 0.6908475160598755], [0.0, 0.0, 0.0, 1.0]], [[0.9421904683113098, 0.3212434649467468, -0.09528765082359314, 0.3542100191116333], [-0.16046962141990662, 0.6822316646575928, 0.7133088111877441, 0.20828834176063538], [0.2941540479660034, -0.6567819714546204, 0.6943420171737671, 0.6677892804145813], [0.0, 0.0, 0.0, 1.0]], [[-0.9554616808891296, -0.27427878975868225, 0.1089223176240921, 0.3056402802467346], [0.2943253815174103, -0.8586435914039612, 0.4196472764015198, 0.18926937878131866], [-0.021574901416897774, 0.43301549553871155, 0.9011282920837402, 0.6975234150886536], [0.0, 0.0, 0.0, 1.0]], [[0.6051012873649597, 0.7606130242347717, 0.235202819108963, 0.6127532720565796], [-0.5011925101280212, 0.1343810260295868, 0.854837954044342, 0.03668777644634247], [0.6185939908027649, -0.6351454257965088, 0.46252766251564026, 0.9064032435417175], [0.0, 0.0, 0.0, 1.0]], [[0.9962171316146851, 0.08473449945449829, -0.019271498546004295, 0.30586040019989014], [-0.041617490351200104, 0.6599120497703552, 0.7501893043518066, 0.13629816472530365], [0.07628440856933594, -0.7465493679046631, 0.6609421968460083, 0.7124160528182983], [0.0, 0.0, 0.0, 1.0]], [[0.9889494776725769, 0.1060432493686676, 0.1036032885313034, 0.3015562891960144], [-0.14819470047950745, 0.6875910758972168, 0.7108141779899597, 0.14592245221138], [0.004140346311032772, -0.7183127403259277, 0.6957079768180847, 0.762104868888855], [0.0, 0.0, 0.0, 1.0]], [[0.8973850011825562, 0.40347230434417725, 0.17863456904888153, 0.3059345483779907], [-0.43396851420402527, 0.7337841391563416, 0.5227159857749939, 0.1907365322113037], [0.07982221990823746, -0.546599268913269, 0.8335810899734497, 0.6842344999313354], [0.0, 0.0, 0.0, 1.0]], [[-0.9483288526535034, 0.17287394404411316, 0.2660582959651947, 0.30768173933029175], [0.02534192055463791, -0.7945883870124817, 0.6066192984580994, 0.12565602362155914], [0.31627553701400757, 0.5820170044898987, 0.7491500973701477, 0.8459349870681763], [0.0, 0.0, 0.0, 1.0]], [[-0.9766871333122253, 0.02116202749311924, 0.21362189948558807, 0.2901880145072937], [0.15329386293888092, -0.6278796792030334, 0.7630648612976074, 0.11041520535945892], [0.15027685463428497, 0.7780225276947021, 0.6099980473518372, 0.781821608543396], [0.0, 0.0, 0.0, 1.0]], [[-0.993614673614502, 0.10383836179971695, 0.0441310778260231, 0.31756591796875], [-0.041669461876153946, -0.7012138962745667, 0.7117322087287903, 0.08637048304080963], [0.10485044121742249, 0.7053486704826355, 0.7010632753372192, 0.8551347851753235], [0.0, 0.0, 0.0, 1.0]], [[-0.9761057496070862, -0.10273734480142593, 0.1914745420217514, 0.3145102858543396], [0.1986665278673172, -0.7789079546928406, 0.5948393940925598, 0.1449051797389984], [0.08802882581949234, 0.6186656951904297, 0.780707061290741, 0.8024987578392029], [0.0, 0.0, 0.0, 1.0]], [[0.9960391521453857, -0.08221936970949173, -0.033851515501737595, 0.344967246055603], [0.08668163418769836, 0.8130893111228943, 0.575649082660675, 0.09622938930988312], [-0.019805196672677994, -0.5763033032417297, 0.8169957399368286, 0.8853260278701782], [0.0, 0.0, 0.0, 1.0]], [[-0.9529925584793091, 0.11831732094287872, 0.27893778681755066, 0.2859969437122345], [0.0815112367272377, -0.7865548133850098, 0.6121172308921814, 0.1753610223531723], [0.29182395339012146, 0.6060796976089478, 0.7399365901947021, 0.6917068362236023], [0.0, 0.0, 0.0, 1.0]], [[0.9986632466316223, 0.01345047727227211, -0.04990777000784874, 0.31635451316833496], [0.026767391711473465, 0.6914154887199402, 0.7219613194465637, 0.15555064380168915], [0.044217728078365326, -0.7223321795463562, 0.6901311874389648, 0.6872552037239075], [0.0, 0.0, 0.0, 1.0]], [[-0.9626731872558594, 0.055941592901945114, 0.26482251286506653, 0.2754783034324646], [0.18520887196063995, -0.5773379802703857, 0.7952224016189575, 0.13176515698432922], [0.19737809896469116, 0.8145867586135864, 0.5454268455505371, 0.7465628981590271], [0.0, 0.0, 0.0, 1.0]], [[0.99720698595047, -0.042927294969558716, -0.06111861765384674, 0.3325377404689789], [0.07431226223707199, 0.48833560943603516, 0.8694861531257629, 0.11006935685873032], [-0.0074782902374863625, -0.871599555015564, 0.4901616871356964, 0.8162429928779602], [0.0, 0.0, 0.0, 1.0]], [[0.9267926216125488, 0.3673173189163208, -0.07831607758998871, 0.6381133198738098], [-0.14091168344020844, 0.5333709716796875, 0.8340619802474976, 0.06076759099960327], [0.34813693165779114, -0.7619668841362, 0.5460835695266724, 0.906226396560669], [0.0, 0.0, 0.0, 1.0]], [[-0.9725953936576843, 0.10576203465461731, 0.2070569545030594, 0.28905797004699707], [0.12295465171337128, -0.5218751430511475, 0.8441139459609985, 0.12227854132652283], [0.19733312726020813, 0.8464399576187134, 0.49456942081451416, 0.7846049666404724], [0.0, 0.0, 0.0, 1.0]], [[0.9825340509414673, 0.15887165069580078, 0.09688438475131989, 0.31193864345550537], [-0.1694049835205078, 0.5482359528541565, 0.818986713886261, 0.14843639731407166], [0.076998271048069, -0.8210949897766113, 0.5655741691589355, 0.760590136051178], [0.0, 0.0, 0.0, 1.0]], [[0.957621157169342, 0.2664569616317749, 0.10937295109033585, 0.354002982378006], [-0.25090736150741577, 0.5852363705635071, 0.7710667252540588, 0.2031077742576599], [0.1414470374584198, -0.765832245349884, 0.6272907257080078, 0.6644190549850464], [0.0, 0.0, 0.0, 1.0]], [[0.9944754838943481, -0.0852128341794014, -0.061296023428440094, 0.32202574610710144], [0.09567230939865112, 0.49555084109306335, 0.8632938265800476, 0.12023370712995529], [-0.04318841174244881, -0.8643888831138611, 0.5009657144546509, 0.8005996942520142], [0.0, 0.0, 0.0, 1.0]], [[0.9964815378189087, -0.07562561333179474, -0.036128029227256775, 0.3066822588443756], [0.07797888666391373, 0.6785672903060913, 0.7303873896598816, 0.1334567666053772], [-0.03072068654000759, -0.7306347489356995, 0.6820770502090454, 0.7421681880950928], [0.0, 0.0, 0.0, 1.0]], [[-0.921548068523407, 0.14800134301185608, 0.35894981026649475, 0.27215564250946045], [0.22860348224639893, -0.5404351353645325, 0.8097348213195801, 0.10990750044584274], [0.3138309121131897, 0.8282667398452759, 0.46420323848724365, 0.7761178612709045], [0.0, 0.0, 0.0, 1.0]], [[-0.9670063853263855, -0.051269400864839554, 0.24953976273536682, 0.29796701669692993], [0.22109630703926086, -0.6554975509643555, 0.7221075892448425, 0.12289471924304962], [0.12655068933963776, 0.7534549832344055, 0.6452057957649231, 0.8020451068878174], [0.0, 0.0, 0.0, 1.0]], [[0.9599326848983765, 0.24116648733615875, 0.14271636307239532, 0.30713987350463867], [-0.2531491816043854, 0.5278593897819519, 0.8107280135154724, 0.1619080901145935], [0.12018626183271408, -0.8143728375434875, 0.5677605867385864, 0.6919644474983215], [0.0, 0.0, 0.0, 1.0]], [[-0.9976364970207214, -0.06864454597234726, -0.0030394038185477257, 0.35072657465934753], [0.057192325592041016, -0.8540879487991333, 0.5169745683670044, 0.21443118155002594], [-0.038083456456661224, 0.5155788660049438, 0.8559953570365906, 0.6594144701957703], [0.0, 0.0, 0.0, 1.0]], [[-0.956275045