{"pred_grasps_cam": {"1.0": [[[0.9704673886299133, 0.16333000361919403, 0.17752885818481445, 0.03534737974405289], [-0.11182589828968048, -0.3474853038787842, 0.9309934973716736, 0.07921421527862549], [0.21374782919883728, -0.9233511686325073, -0.318958580493927, 0.7284048199653625], [0.0, 0.0, 0.0, 1.0]], [[-0.9721179008483887, -0.13804908096790314, 0.18954996764659882, 0.03351905941963196], [0.21239975094795227, -0.17585550248622894, 0.9612289667129517, 0.09412187337875366], [-0.09936337172985077, 0.9746882319450378, 0.20027388632297516, 0.7345156073570251], [0.0, 0.0, 0.0, 1.0]], [[0.9846886396408081, -0.17396166920661926, -0.011202726513147354, 0.05484207719564438], [0.17110109329223633, 0.9767934083938599, -0.12883658707141876, 0.23975041508674622], [0.03335538133978844, 0.12494713068008423, 0.9916025400161743, 0.6140645742416382], [0.0, 0.0, 0.0, 1.0]], [[-0.9904749393463135, -0.10815384984016418, -0.08521804958581924, 0.06900706142187119], [0.09506235271692276, -0.9848509430885315, 0.14502274990081787, 0.20513606071472168], [-0.09961186349391937, 0.13554036617279053, 0.9857515692710876, 0.7042927742004395], [0.0, 0.0, 0.0, 1.0]], [[0.9989110231399536, -0.005306163802742958, -0.046353939920663834, 0.06446260213851929], [0.002790295984596014, 0.9985277652740479, -0.054172176867723465, 0.2926105558872223], [0.04657314345240593, 0.053983841091394424, 0.9974551200866699, 0.6488806009292603], [0.0, 0.0, 0.0, 1.0]], [[-0.9917232394218445, -0.03986886888742447, 0.12204696983098984, 0.045318856835365295], [0.06088877469301224, -0.9829181432723999, 0.17367886006832123, 0.19667166471481323], [0.11303778737783432, 0.17967264354228973, 0.9772103428840637, 0.6129769682884216], [0.0, 0.0, 0.0, 1.0]], [[0.9954411387443542, -0.09429745376110077, -0.014315040782094002, 0.06629370898008347], [0.08905517309904099, 0.8651885390281677, 0.4934755265712738, 0.1411721110343933], [-0.03414827212691307, -0.4925006628036499, 0.8696419596672058, 0.6366043090820312], [0.0, 0.0, 0.0, 1.0]], [[0.9673327207565308, -0.09851119667291641, -0.23358701169490814, 0.08362135291099548], [0.059882983565330505, 0.9841280579566956, -0.16705070436000824, 0.27555885910987854], [0.24633584916591644, 0.14760573208332062, 0.9578784704208374, 0.6353369951248169], [0.0, 0.0, 0.0, 1.0]], [[-0.9842604994773865, -0.17406794428825378, 0.03052445687353611, 0.05185829848051071], [0.1759859174489975, -0.9496476650238037, 0.2592262923717499, 0.19255360960960388], [-0.01613549143075943, 0.26051807403564453, 0.9653340578079224, 0.6428319215774536], [0.0, 0.0, 0.0, 1.0]], [[0.9956463575363159, -0.05230967327952385, -0.07714952528476715, 0.07880987226963043], [0.09047136455774307, 0.7415325045585632, 0.664789080619812, 0.15125980973243713], [0.022433971986174583, -0.6688746213912964, 0.7430366277694702, 0.7236601114273071], [0.0, 0.0, 0.0, 1.0]], [[-0.9883340001106262, 0.15227536857128143, 0.002871970646083355, 0.05730616673827171], [-0.15153823792934418, -0.9813133478164673, -0.11857651174068451, 0.28171300888061523], [-0.015237957239151001, -0.11762841045856476, 0.9929407835006714, 0.6659970283508301], [0.0, 0.0, 0.0, 1.0]], [[0.9976189136505127, -0.06804704666137695, 0.011225401423871517, 0.05780575051903725], [0.0689471885561943, 0.9801615476608276, -0.18582138419151306, 0.27659744024276733], [0.0016418645391240716, 0.1861528903245926, 0.9825194478034973, 0.6524433493614197], [0.0, 0.0, 0.0, 1.0]], [[-0.9943923354148865, 0.02415810525417328, 0.10295765846967697, 0.04445630684494972], [-0.06934219598770142, -0.8840077519416809, -0.46230071783065796, 0.30026665329933167], [0.07984704524278641, -0.46684759855270386, 0.8807256817817688, 0.6566773653030396], [0.0, 0.0, 0.0, 1.0]], [[-0.9782282710075378, 0.07379280030727386, 0.19396929442882538, 0.03313317894935608], [-0.10742902010679245, -0.9797331094741821, -0.169062077999115, 0.25448474287986755], [0.17756254971027374, -0.1862192302942276, 0.9663301110267639, 0.6279606819152832], [0.0, 0.0, 0.0, 1.0]], [[-0.9861657023429871, -0.130658358335495, 0.10200739651918411, 0.04503639042377472], [0.15697841346263885, -0.9337968230247498, 0.3215295374393463, 0.1710466593503952], [0.05324360728263855, 0.33309435844421387, 0.9413890242576599, 0.6304005980491638], [0.0, 0.0, 0.0, 1.0]], [[-0.9962217807769775, -0.08506432920694351, 0.01749333180487156, 0.05313337221741676], [0.07677828520536423, -0.768563985824585, 0.6351490616798401, 0.123932383954525], [-0.04058384895324707, 0.6340924501419067, 0.7721914649009705, 0.6327524185180664], [0.0, 0.0, 0.0, 1.0]], [[0.9588700532913208, 0.008099299855530262, -0.28372982144355774, 0.08637046813964844], [0.018477698788046837, 0.9956914186477661, 0.09086853265762329, 0.23323731124401093], [0.2832433581352234, -0.092373788356781, 0.9545890092849731, 0.620358407497406], [0.0, 0.0, 0.0, 1.0]], [[-0.9890483617782593, 0.10090542584657669, 0.1077093631029129, 0.04274944216012955], [-0.1240524873137474, -0.9637384414672852, -0.2362605333328247, 0.29395291209220886], [0.07996368408203125, -0.2470347136259079, 0.9657016396522522, 0.6508934497833252], [0.0, 0.0, 0.0, 1.0]], [[-0.8306183815002441, 0.22675836086273193, 0.5085800886154175, -0.009748313575983047], [-0.19063326716423035, -0.973937451839447, 0.12290099263191223, 0.20798373222351074], [0.5231940150260925, 0.005131540820002556, 0.85219806432724, 0.6284693479537964], [0.0, 0.0, 0.0, 1.0]], [[0.9896078109741211, -0.12411483377218246, -0.07260801643133163, 0.07743308693170547], [0.12802676856517792, 0.5306363701820374, 0.837874710559845, 0.10480983555316925], [-0.06546424329280853, -0.8384631276130676, 0.5410118699073792, 0.6878892183303833], [0.0, 0.0, 0.0, 1.0]], [[0.9966204166412354, -0.0176446121186018, -0.08022741973400116, 0.0864420235157013], [0.08204830437898636, 0.2611524760723114, 0.961804211139679, 0.09229080379009247], [0.00398092670366168, -0.9651362299919128, 0.2617175877094269, 0.7410253882408142], [0.0, 0.0, 0.0, 1.0]], [[-0.982932448387146, 0.12840376794338226, 0.13174332678318024, 0.041064515709877014], [0.06830096244812012, -0.4102291464805603, 0.9094212055206299, 0.10870979726314545], [0.17081809043884277, 0.902897834777832, 0.3944574296474457, 0.6625878810882568], [0.0, 0.0, 0.0, 1.0]], [[-0.9905197024345398, -0.1334277242422104, 0.03267629072070122, 0.05483536794781685], [0.07671390473842621, -0.33995068073272705, 0.937309205532074, 0.10973155498504639], [-0.11395470052957535, 0.930929958820343, 0.3469636142253876, 0.7355396747589111], [0.0, 0.0, 0.0, 1.0]], [[0.998110830783844, -0.0035949915181845427, -0.06133456900715828, 0.0783189982175827], [0.058510974049568176, 0.36016514897346497, 0.9310519099235535, 0.10713565349578857], [0.018743440508842468, -0.9328817129135132, 0.35969504714012146, 0.7601425647735596], [0.0, 0.0, 0.0, 1.0]], [[-0.9958769679069519, -0.03999631106853485, 0.0814211368560791, 0.04809485003352165], [0.04939413070678711, -0.9919155836105347, 0.11689239740371704, 0.21322357654571533], [0.07608763128519058, 0.12043217569589615, 0.9898014068603516, 0.6283167600631714], [0.0, 0.0, 0.0, 1.0]], [[0.9802931547164917, -0.19453075528144836, 0.034395791590213776, 0.05503365769982338], [0.18761122226715088, 0.9712889790534973, 0.14628583192825317, 0.19159087538719177], [-0.061865370720624924, -0.13694995641708374, 0.9886441230773926, 0.6169141530990601], [0.0, 0.0, 0.0, 1.0]], [[-0.9992338418960571, -0.0007135144551284611, -0.03913047909736633, 0.058834608644247055], [0.014326413162052631, -0.9371058940887451, -0.3487510681152344, 0.26741018891334534], [-0.03642056882381439, -0.34904447197914124, 0.9363981485366821, 0.645236074924469], [0.0, 0.0, 0.0, 1.0]], [[0.9549965262413025, 0.25951191782951355, 0.1436491757631302, 0.04447869211435318], [-0.16743549704551697, 0.0718889981508255, 0.9832584857940674, 0.0884956419467926], [0.24484051764011383, -0.9630603790283203, 0.11210526525974274, 0.6878945827484131], [0.0, 0.0, 0.0, 1.0]], [[0.8143070936203003, -0.44923508167266846, 0.3675480782985687, 0.025104369968175888], [0.5249255895614624, 0.8402062654495239, -0.136038139462471, 0.1925504058599472], [-0.24770309031009674, 0.30371221899986267, 0.9200011491775513, 0.6123960018157959], [0.0, 0.0, 0.0, 1.0]], [[0.9952840209007263, -0.09599673748016357, -0.013946053571999073, 0.05982291325926781], [0.08593007922172546, 0.9392074942588806, -0.3324236273765564, 0.2710168957710266], [0.04500987008213997, 0.32965755462646484, 0.9430270791053772, 0.630474328994751], [0.0, 0.0, 0.0, 1.0]], [[0.997173547744751, -0.07500369846820831, -0.004392689559608698, 0.059312332421541214], [0.07117469608783722, 0.9617573618888855, -0.2644936740398407, 0.3005799651145935], [0.024062683805823326, 0.26343342661857605, 0.9643774032592773, 0.6528090238571167], [0.0, 0.0, 0.0, 1.0]], [[-0.968114972114563, -0.19539639353752136, 0.1567600667476654, 0.040333542972803116], [0.23937982320785522, -0.5371665358543396, 0.8087950348854065, 0.12807607650756836], [-0.07382937520742416, 0.8205317854881287, 0.5668128728866577, 0.7330718636512756], [0.0, 0.0, 0.0, 1.0]], [[-0.9922464489936829, -0.12243436276912689, 0.021375223994255066, 0.0542772151529789], [0.10257569700479507, -0.7096025943756104, 0.6970956921577454, 0.1559479832649231], [-0.0701805055141449, 0.6938832998275757, 0.7166593670845032, 0.681085467338562], [0.0, 0.0, 0.0, 1.0]], [[0.9986080527305603, -0.003443569876253605, -0.052631624042987823, 0.06521116942167282], [0.027997145429253578, 0.8802898526191711, 0.47360944747924805, 0.145074263215065], [0.04470017924904823, -0.47442376613616943, 0.8791609406471252, 0.6205387115478516], [0.0, 0.0, 0.0, 1.0]], [[0.9880416393280029, -0.15336394309997559, 0.01591600850224495, 0.05949770659208298], [0.15189386904239655, 0.9858824610710144, 0.07045572251081467, 0.20540127158164978], [-0.026496633887290955, -0.06719564646482468, 0.9973878860473633, 0.631396472454071], [0.0, 0.0, 0.0, 1.0]], [[0.9989580512046814, 0.022325169295072556, -0.03980574011802673, 0.07369150221347809], [0.031361520290374756, 0.2978545129299164, 0.9540960192680359, 0.09776422381401062], [0.03315667062997818, -0.9543502330780029, 0.2968439757823944, 0.7517672777175903], [0.0, 0.0, 0.0, 1.0]], [[-0.9762547016143799, -0.09911398589611053, 0.19262206554412842, 0.037175796926021576], [0.21156246960163116, -0.24509911239147186, 0.9461330771446228, 0.11612406373023987], [-0.046563521027565, 0.9644184708595276, 0.26024794578552246, 0.7282580137252808], [0.0, 0.0, 0.0, 1.0]], [[-0.9269753694534302, 0.19301873445510864, 0.3216526508331299, 0.01903454214334488], [-0.20509836077690125, -0.9787341952323914, -0.0037528688553720713, 0.2289506494998932], [0.3140879273414612, -0.06944924592971802, 0.9468503594398499, 0.6209575533866882], [0.0, 0.0, 0.0, 1.0]], [[-0.9728770852088928, -0.2295321673154831, -0.028728624805808067, 0.055712226778268814], [0.2252112776041031, -0.9681993126869202, 0.10895039886236191, 0.16929537057876587], [-0.05282258242368698, 0.0995253399014473, 0.9936320185661316, 0.6177339553833008], [0.0, 0.0, 0.0, 1.0]], [[0.9746309518814087, 0.14542949199676514, 0.1701314002275467, 0.04754243046045303], [-0.14450609683990479, -0.1715950071811676, 0.9745118021965027, 0.07921816408634186], [0.17091645300388336, -0.9743743538856506, -0.14622637629508972, 0.7104592323303223], [0.0, 0.0, 0.0, 1.0]], [[-0.9867193698883057, 0.12636342644691467, 0.10206466913223267, 0.045223500579595566], [-0.1350843608379364, -0.9873019456863403, -0.08358918130397797, 0.2890443801879883], [0.09020601958036423, -0.09626641124486923, 0.9912596344947815, 0.6584745049476624], [0.0, 0.0, 0.0, 1.0]], [[-0.9909670352935791, -0.08797929435968399, 0.10121233016252518, 0.04595128446817398], [0.12669247388839722, -0.3667309880256653, 0.9216601252555847, 0.0948030948638916], [-0.043969325721263885, 0.9261576533317566, 0.37456464767456055, 0.7056587338447571], [0.0, 0.0, 0.0, 1.0]], [[-0.9948357939720154, 0.09508625417947769, 0.035502735525369644, 0.05119706317782402], [-0.10080011934041977, -0.8846350908279419, -0.4552583694458008, 0.2950620949268341], [-0.011881825514137745, -0.4564860165119171, 0.8896512985229492, 0.665703296661377], [0.0, 0.0, 0.0, 1.0]], [[0.9961234927177429, -0.08646044880151749, 0.01620660163462162, 0.06050874665379524], [0.0833519846200943, 0.9866006374359131, 0.14025568962097168, 0.20573197305202484], [-0.028116004541516304, -0.1383611410856247, 0.9899826645851135, 0.6500215530395508], [0.0, 0.0, 0.0, 1.0]], [[0.9710286855697632, -0.09461065381765366, -0.21943619847297668, 0.07855501770973206], [0.15758787095546722, 0.943838894367218, 0.29040390253067017, 0.1967250406742096], [0.1796371191740036, -0.3165709972381592, 0.9314039945602417, 0.6099038124084473], [0.0, 0.0, 0.0, 1.0]], [[0.9505314230918884, -0.2888606786727905, 0.11423398554325104, 0.05578695237636566], [0.27088576555252075, 0.9508098363876343, 0.150271475315094, 0.16877830028533936], [-0.1520223617553711, -0.11189340054988861, 0.9820230007171631, 0.6263453364372253], [0.0, 0.0, 0.0, 1.0]], [[-0.9964283108711243, 0.07235090434551239, 0.04354231432080269, 0.05261075124144554], [-0.08443636447191238, -0.8473142385482788, -0.5243366956710815, 0.29538771510124207], [-0.0010422210907563567, -0.5261404514312744, 0.850396990776062, 0.6620461940765381], [0.0, 0.0, 0.0, 1.0]], [[-0.9630582332611084, 0.16494546830654144, 0.21286576986312866, 0.030427074059844017], [-0.20705221593379974, -0.9589688777923584, -0.19367042183876038, 0.2857966423034668], [0.17218656837940216, -0.23059022426605225, 0.9576951861381531, 0.6417360305786133], [0.0, 0.0, 0.0, 1.0]], [[-0.9728216528892517, -0.20868532359600067, 0.10034159570932388, 0.042578406631946564], [0.23153923451900482, -0.8818280696868896, 0.41081488132476807, 0.1644032746553421], [0.0027529713697731495, 0.42288264632225037, 0.9061803221702576, 0.6443501710891724], [0.0, 0.0, 0.0, 1.0]], [[-0.998285174369812, -0.053247567266225815, 0.024319522082805634, 0.04415745288133621], [0.044949255883693695, -0.43111899495124817, 0.9011747241020203, 0.10116629302501678], [-0.037500761449337006, 0.9007225036621094, 0.4327731132507324, 0.7557299137115479], [0.0, 0.0, 0.0, 1.0]], [[0.9890144467353821, -0.14716263115406036, 0.013910221867263317, 0.06442273408174515], [0.13655789196491241, 0.94564288854599, 0.29514655470848083, 0.17168587446212769], [-0.05658867582678795, -0.2900046706199646, 0.9553507566452026, 0.6332051753997803], [0.0, 0.0, 0.0, 1.0]], [[-0.7005016803741455, 0.6488372683525085, 0.2971658408641815, 0.004072621464729309], [-0.47428634762763977, -0.7344053983688354, 0.4854905903339386, 0.1666334867477417], [0.5332446098327637, 0.19914527237415314, 0.8221868872642517, 0.6349900960922241], [0.0, 0.0, 0.0, 1.0]], [[-0.8560523986816406, 0.18976067006587982, 0.4807964265346527, -0.0021971873939037323], [-0.23793084919452667, -0.9704322814941406, -0.0406230166554451, 0.24114234745502472], [0.4588717818260193, -0.14917173981666565, 0.8758907318115234, 0.6352805495262146], [0.0, 0.0, 0.0, 1.0]], [[0.9957900047302246, 0.02934589609503746, -0.08683934062719345, 0.0619334913790226], [-0.02400747500360012, 0.9977939128875732, 0.06189311668276787, 0.1748712658882141], [0.08846409618854523, -0.05954775586724281, 0.9942977428436279, 0.6023653149604797], [0.0, 0.0, 0.0, 1.0]], [[0.9984003305435181, -0.055173758417367935, 0.012356768362224102, 0.06044342741370201], [0.05605797842144966, 0.9944426417350769, -0.0891147181391716, 0.2971794605255127], [-0.007371308747678995, 0.08966486155986786, 0.9959447383880615, 0.6598290205001831], [0.0, 0.0, 0.0, 1.0]], [[0.98890221118927, -0.13653412461280823, -0.05857282504439354, 0.06414183229207993], [0.14607088267803192, 0.9655060768127441, 0.2155485302209854, 0.18412823975086212], [0.02712264284491539, -0.22171220183372498, 0.9747348427772522, 0.6095894575119019], [0.0, 0.0, 0.0, 1.0]], [[-0.9593854546546936, 0.11841848492622375, 0.2560402452945709, 0.027380965650081635], [-0.06693600863218307, -0.9772657155990601, 0.20117495954036713, 0.1981341391801834], [0.27404215931892395, 0.1758660078048706, 0.9455009698867798, 0.6122221946716309], [0.0, 0.0, 0.0, 1.0]], [[0.9942564368247986, -0.07813046127557755, -0.0731428787112236, 0.0668209120631218], [0.05696931108832359, 0.964914858341217, -0.25630828738212585, 0.27194535732269287], [0.09060217440128326, 0.2506692707538605, 0.9638237357139587, 0.6313199996948242], [0.0, 0.0, 0.0, 1.0]], [[0.9186457991600037, 0.3849453032016754, 0.08892225474119186, 0.04295576363801956], [-0.09942184388637543, 0.007414642255753279, 0.9950177669525146, 0.08202199637889862], [0.3823680877685547, -0.922909677028656, 0.04508339986205101, 0.6920977830886841], [0.0, 0.0, 0.0, 1.0]], [[-0.9862098693847656, -0.15469257533550262, 0.058824583888053894, 0.050973933190107346], [0.1611175835132599, -0.9786533713340759, 0.12758837640285492, 0.19908727705478668], [0.03783192113041878, 0.13530659675598145, 0.990081250667572, 0.6313018202781677], [0.0, 0.0, 0.0, 1.0]], [[0.9407185316085815, 0.33897706866264343, 0.011964401230216026, 0.05718579888343811], [-0.05180974304676056, 0.10874215513467789, 0.9927189350128174, 0.09220953285694122], [0.33520790934562683, -0.9344890117645264, 0.11985807865858078, 0.6909354329109192], [0.0, 0.0, 0.0, 1.0]], [[-0.9969480633735657, -0.011007558554410934, 0.07728839665651321, 0.0476725809276104], [-0.020869363099336624, -0.9164037704467773, -0.39971083402633667, 0.3018399477005005], [0.0752272754907608, -0.400103896856308, 0.9133771657943726, 0.6592002511024475], [0.0, 0.0, 0.0, 1.0]], [[0.9762620329856873, -0.21617445349693298, 0.013452150858938694, 0.05612035095691681], [0.21635504066944122, 0.976216733455658, -0.013834931887686253, 0.21641138195991516], [-0.01014145091176033, 0.01641695946455002, 0.9998138546943665, 0.6134380102157593], [0.0, 0.0, 0.0, 1.0]], [[-0.9745330810546875, 0.17377817630767822, 0.14172658324241638, 0.038006529211997986], [-0.1897609382867813, -0.9758392572402954, -0.10829827934503555, 0.2886882424354553], [0.11948249489068985, -0.1324344277381897, 0.9839639663696289, 0.6508684158325195], [0.0, 0.0, 0.0, 1.0]], [[-0.9154812097549438, -0.3758685886859894, 0.1435861587524414, 0.04241286218166351], [0.3969883918762207, -0.7856644988059998, 0.47448036074638367, 0.16242170333862305], [-0.06553172320127487, 0.49137988686561584, 0.8684765100479126, 0.7287678718566895], [0.0, 0.0, 0.0, 1.0]], [[-0.99550461769104, -0.021684400737285614, 0.09219716489315033, 0.04087738320231438], [0.07189368456602097, -0.8067243695259094, 0.5865380764007568, 0.1392156183719635], [0.06165898218750954, 0.59052973985672, 0.8046568036079407, 0.7436556816101074], [0.0, 0.0, 0.0, 1.0]], [[0.9975168704986572, -0.06219499185681343, 0.0330415740609169, 0.058847103267908096], [0.06431233882904053, 0.9956483840942383, -0.0674392580986023, 0.28182658553123474], [-0.028703419491648674, 0.06939677894115448, 0.9971761107444763, 0.6711508631706238], [0.0, 0.0, 0.0, 1.0]], [[-0.9880982637405396, 0.05214645341038704, 0.1447153091430664, 0.038745515048503876], [-0.0988035798072815, -0.9362099766731262, -0.33726656436920166, 0.2907885015010834], [0.11789662390947342, -0.3475508987903595, 0.9302197694778442, 0.6453909873962402], [0.0, 0.0, 0.0, 1.0]], [[0.994777500629425, -0.07380123436450958, -0.07050614804029465, 0.06611371040344238], [0.04943164438009262, 0.9527180790901184, -0.29980775713920593, 0.2947506308555603], [0.08929865807294846, 0.29475677013397217, 0.9513906240463257, 0.6395771503448486], [0.0, 0.0, 0.0, 1.0]], [[0.9953492879867554, -0.05695236474275589, -0.07769422978162766, 0.07608070969581604], [0.09058965742588043, 0.27906686067581177, 0.9559891223907471, 0.10523942112922668], [-0.03276396170258522, -0.9585813879966736, 0.2829282581806183, 0.7221595644950867], [0.0, 0.0, 0.0, 1.0]], [[0.9764683246612549, -0.21297447383403778, -0.03393402323126793, 0.05679358169436455], [0.21333271265029907, 0.9769526124000549, 0.007269581779837608, 0.22019824385643005], [0.03160368651151657, -0.014337753877043724, 0.9993976950645447, 0.6082271933555603], [0.0, 0.0, 0.0, 1.0]], [[0.9908462762832642, 0.13121120631694794, -0.031737927347421646, 0.07763317972421646], [-0.0006276712520048022, 0.23957981169223785, 0.9708765149116516, 0.09295134246349335], [0.13499364256858826, -0.9619694948196411, 0.2374691218137741, 0.6777862310409546], [0.0, 0.0, 0.0, 1.0]], [[0.9977133274078369, -0.006044307723641396, -0.06731683760881424, 0.07702857255935669], [0.06667250394821167, 0.2513630986213684, 0.9655937552452087, 0.10418330132961273], [0.011084627360105515, -0.9678739309310913, 0.25119131803512573, 0.7432249784469604], [0.0, 0.0, 0.0, 1.0]], [[-0.9967790842056274, -0.05738897621631622, 0.05601754039525986, 0.045457854866981506], [0.07911426573991776, -0.8180353045463562, 0.5697010159492493, 0.13810734450817108], [0.013129753060638905, 0.5722978115081787, 0.8199407458305359, 0.6314007043838501], [0.0, 0.0, 0.0, 1.0]], [[0.96710205078125, 0.1365302950143814, -0.21464630961418152, 0.08030985295772552], [0.04656305909156799, 0.734512984752655, 0.6769951581954956, 0.1314757615327835], [0.2500908672809601, -0.664717972278595, 0.7039917707443237, 0.6336841583251953], [0.0, 0.0, 0.0, 1.0]], [[-0.9843462109565735, -0.176240935921669, 0.0012458028504624963, 0.05516031011939049], [0.17375600337982178, -0.9692349433898926, 0.17433393001556396, 0.16165947914123535], [-0.02951737865805626, 0.17182141542434692, 0.9846857786178589, 0.6048903465270996], [0.0, 0.0, 0.0, 1.0]], [[-0.9418690800666809, 0.14952977001667023, 0.30087125301361084, 0.02228439971804619], [-0.2133081555366516, -0.9580057859420776, -0.19163672626018524, 0.267893522977829], [0.25958096981048584, -0.24467499554157257, 0.9342119097709656, 0.6350735425949097], [0.0, 0.0, 0.0, 1.0]], [[-0.9915755391120911, 0.04366561025381088, 0.12194743007421494, 0.041736967861652374], [-0.08327396959066391, -0.9360191226005554, -0.3419555723667145, 0.2989610433578491], [0.09921340644359589, -0.3492298424243927, 0.9317699670791626, 0.6518224477767944], [0.0, 0.0, 0.0, 1.0]], [[-0.9893403053283691, -0.11455778032541275, 0.0899016335606575, 0.047065917402505875], [0.12151430547237396, -0.9896650314331055, 0.07614050805568695, 0.20600152015686035], [0.0802500769495964, 0.08625320345163345, 0.9930358529090881, 0.6177545189857483], [0.0, 0.0, 0.0, 1.0]], [[0.9973304867744446, -0.0729907900094986, 0.002054064767435193, 0.05864916369318962], [0.07065325230360031, 0.9575231671333313, -0.27956622838974, 0.29471203684806824], [0.018438920378684998, 0.2789650559425354, 0.960124135017395, 0.6531260013580322], [0.0, 0.0, 0.0, 1.0]], [[-0.9866481423377991, 0.14581377804279327, 0.07255160808563232, 0.048582375049591064], [-0.15069679915905, -0.9862997531890869, -0.06710545718669891, 0.2956324815750122], [0.06177274137735367, -0.07714276760816574, 0.9951045513153076, 0.6604557633399963], [0.0, 0.0, 0.0, 1.0]], [[0.9970332980155945, -0.031895942986011505, -0.07005098462104797, 0.0784933865070343], [0.07573610544204712, 0.24418167769908905, 0.966767430305481, 0.09402914345264435], [-0.013730794191360474, -0.9692047238349915, 0.24587295949459076, 0.7363313436508179], [0.0, 0.0, 0.0, 1.0]], [[0.9942159652709961, -0.1057790219783783, 0.018582897260785103, 0.061145029962062836], [0.10600794851779938, 0.9942952990531921, -0.011796688660979271, 0.2181784212589264], [-0.017229091376066208, 0.013698390685021877, 0.9997577667236328, 0.6362486481666565], [0.0, 0.0, 0.0, 1.0]], [[0.9952988624572754, -0.0959668830037117, 0.013051919639110565, 0.06125762686133385], [0.09008374810218811, 0.9668039083480835, 0.23911315202713013, 0.17062994837760925], [-0.03556561470031738, -0.23681329190731049, 0.9709040522575378, 0.6171140670776367], [0.0, 0.0, 0.0, 1.0]], [[-0.9263478517532349, 0.17892120778560638, 0.33146175742149353, 0.018747206777334213], [-0.23853246867656708, -0.9596988558769226, -0.14859502017498016, 0.25651636719703674], [0.2915166914463043, -0.21671506762504578, 0.931693434715271, 0.6290316581726074], [0.0, 0.0, 0.0, 1.0]], [[0.9834874868392944, 0.17752937972545624, 0.0351514033973217, 0.057363010942935944], [-0.02951359562575817, -0.03429929167032242, 0.9989757537841797, 0.10617280006408691], [0.17855320870876312, -0.983517587184906, -0.02849339321255684, 0.703010082244873], [0.0, 0.0, 0.0, 1.0]], [[0.9938145279884338, -0.071351058781147, -0.08509785681962967, 0.06851081550121307], [0.06641466915607452, 0.9960165619850159, -0.05949603021144867, 0.28634968400001526], [0.08900400251150131, 0.05347627401351929, 0.9945945739746094, 0.6371033787727356], [0.0, 0.0, 0.0, 1.0]], [[-0.9932255148887634, -0.044974543154239655, 0.10714659839868546, 0.04283149540424347], [0.08152227848768234, -0.9267663359642029, 0.36668553948402405, 0.17210984230041504], [0.08280836790800095, 0.3729362487792969, 0.9241544008255005, 0.6169226169586182], [0.0, 0.0, 0.0, 1.0]], [[0.9512684941291809, 0.26711902022361755, 0.15406373143196106, 0.052444085478782654], [-0.17761725187301636, 0.06623051315546036, 0.9818684458732605, 0.08458217978477478], [0.2520720064640045, -0.9613848924636841, 0.110447958111763, 0.6880816221237183], [0.0, 0.0, 0.0, 1.0]], [[-0.9910739660263062, -0.018867546692490578, 0.13197089731693268, 0.042287442833185196], [0.10032745450735092, -0.7574410438537598, 0.6451491117477417, 0.13510964810848236], [0.08778776228427887, 0.6526307463645935, 0.7525731325149536, 0.6304044723510742], [0.0, 0.0, 0.0, 1.0]], [[0.9889806509017944, -0.11664362251758575, -0.09116727858781815, 0.06782106310129166], [0.08687040209770203, 0.9558777213096619, -0.2806262671947479, 0.2810465693473816], [0.11987797915935516, 0.26961421966552734, 0.9554775357246399, 0.6338226199150085], [0.0, 0.0, 0.0, 1.0]], [[-0.9901589155197144, -0.10042797774076462, 0.09746552258729935, 0.051199816167354584], [0.12179739773273468, -0.2753930389881134, 0.9535848498344421, 0.08686517179012299], [-0.06892527639865875, 0.9560715556144714, 0.2849147617816925, 0.7271291613578796], [0.0, 0.0, 0.0, 1.0]], [[-0.9830489158630371, 0.0911986231803894, 0.15905249118804932, 0.039500169456005096], [0.06182064861059189, -0.6518288254737854, 0.7558422088623047, 0.12903308868408203], [0.17260678112506866, 0.7528626322746277, 0.6351416110992432, 0.6427260041236877], [0.0, 0.0, 0.0, 1.0]]], "2.0": [[[0.8447069525718689, 0.43237966299057007, 0.3154643177986145, -0.1387818604707718], [-0.43135035037994385, 0.20100753009319305, 0.8795070648193359, -0.18773584067821503], [0.3168703317642212, -0.8790013194084167, 0.35629966855049133, 1.2830466032028198], [0.0, 0.0, 0.0, 1.0]], [[0.48497891426086426, 0.6778737306594849, 0.552523672580719, -0.20846696197986603], [-0.7414687871932983, -0.01627233810722828, 0.6707899570465088, -0.17394660413265228], [0.4637017846107483, -0.7349980473518372, 0.49473053216934204, 1.331607699394226], [0.0, 0.0, 0.0, 1.0]], [[0.6032136082649231, 0.5398693680763245, 0.5870897769927979, -0.1778629571199417], [-0.7261784672737122, 0.06733763962984085, 0.684200644493103, -0.17999149858951569], [0.32984572649002075, -0.8390510678291321, 0.4326604902744293, 1.3012281656265259], [0.0, 0.0, 0.0, 1.0]], [[-0.30922931432724, 0.48083341121673584, -0.820473313331604, 0.07567673921585083], [-0.7048892378807068, 0.4632492661476135, 0.5371510982513428, -0.26601073145866394], [0.6383638381958008, 0.7444456815719604, 0.1956840455532074, 1.1743196249008179], [0.0, 0.0, 0.0, 1.0]], [[0.6766968369483948, 0.6448318362236023, 0.35534974932670593, -0.18894177675247192], [-0.6175674200057983, 0.23434121906757355, 0.7507960200309753, -0.18285976350307465], [0.4008641541004181, -0.7275137305259705, 0.5568050146102905, 1.3028148412704468], [0.0, 0.0, 0.0, 1.0]], [[-0.2579272985458374, -0.5784955024719238, 0.7738321423530579, -0.2248116135597229], [0.9647563695907593, -0.19743332266807556, 0.17396879196166992, -0.13050131499767303], [0.052140094339847565, 0.7914307713508606, 0.6090307235717773, 1.2993369102478027], [0.0, 0.0, 0.0, 1.0]], [[0.4820820689201355, 0.5882231593132019, 0.6492999792098999, -0.19616639614105225], [-0.8328589200973511, 0.07766446471214294, 0.5480092763900757, -0.16092458367347717], [0.2719241976737976, -0.8049607276916504, 0.5273476243019104, 1.3150924444198608], [0.0, 0.0, 0.0, 1.0]], [[0.25763747096061707, 0.5192267894744873, 0.8148782253265381, -0.21860371530056], [-0.8863099217414856, -0.20887267589569092, 0.41331207752227783, -0.1502942442893982], [0.3848084509372711, -0.8287193179130554, 0.4063824415206909, 1.3082728385925293], [0.0, 0.0, 0.0, 1.0]], [[0.45244261622428894, 0.502859890460968, 0.7364969253540039, -0.19126495718955994], [-0.8889981508255005, 0.18898221850395203, 0.4170948266983032, -0.16659526526927948], [0.0705554261803627, -0.8434559106826782, 0.5325450301170349, 1.2893552780151367], [0.0, 0.0, 0.0, 1.0]], [[0.3038821816444397, 0.48897677659988403, 0.8176535367965698, -0.21634060144424438], [-0.8666117787361145, -0.2146603763103485, 0.45044973492622375, -0.16368666291236877], [0.39577728509902954, -0.8454718589782715, 0.35852158069610596, 1.3052870035171509], [0.0, 0.0, 0.0, 1.0]], [[0.43087276816368103, 0.5700233578681946, 0.6995870471000671, -0.21429282426834106], [-0.8500902056694031, -0.0037515403237193823, 0.5266237258911133, -0.16075684130191803], [0.302812397480011, -0.8216199278831482, 0.48295482993125916, 1.32586669921875], [0.0, 0.0, 0.0, 1.0]], [[0.8789656162261963, 0.38096940517425537, 0.28684768080711365, -0.13689188659191132], [-0.39021652936935425, 0.22879473865032196, 0.8918430209159851, -0.2001577913761139], [0.27413567900657654, -0.8958320617675781, 0.34976330399513245, 1.2814677953720093], [0.0, 0.0, 0.0, 1.0]], [[0.3934062719345093, 0.6286613941192627, 0.670832633972168, -0.21101024746894836], [-0.8206234574317932, -0.08885473012924194, 0.5645192861557007, -0.1664757877588272], [0.41449809074401855, -0.7725864052772522, 0.48093825578689575, 1.2937406301498413], [0.0, 0.0, 0.0, 1.0]]], "3.0": [[[-0.9972497224807739, -0.07405424863100052, 0.0030033960938453674, -0.15159054100513458], [0.03500158712267876, -0.43485409021377563, 0.8998203873634338, 0.08129818737506866], [-0.06532948464155197, 0.8974507451057434, 0.43625012040138245, 0.7999454736709595], [0.0, 0.0, 0.0, 1.0]], [[0.994381308555603, 0.0932367816567421, -0.05012650042772293, -0.14543978869915009], [-0.000996308051981032, 0.4817512035369873, 0.8763073682785034, 0.10144300013780594], [0.10585259646177292, -0.8713337182998657, 0.4791373014450073, 0.8016107082366943], [0.0, 0.0, 0.0, 1.0]], [[0.9902998208999634, 0.10443930327892303, -0.09164433926343918, -0.14908267557621002], [0.049925580620765686, 0.3480576276779175, 0.9361429214477539, 0.06348276138305664], [0.12966759502887726, -0.9316375255584717, 0.33946722745895386, 0.8817620277404785], [0.0, 0.0, 0.0, 1.0]], [[-0.985309898853302, -0.1668144017457962, 0.036571357399225235, -0.15753154456615448], [0.11651504784822464, -0.5000855326652527, 0.8581017851829529, 0.06901398301124573], [-0.1248549297451973, 0.8497573137283325, 0.5121755599975586, 0.8303214907646179], [0.0, 0.0, 0.0, 1.0]], [[0.9948912858963013, 0.09497423470020294, -0.03422118350863457, -0.13593316078186035], [-0.07465007901191711, 0.9203323125839233, 0.38394761085510254, 0.15753524005413055], [0.0679599866271019, -0.37943151593208313, 0.9227205514907837, 0.7276152968406677], [0.0, 0.0, 0.0, 1.0]], [[0.9909334778785706, 0.02862377278506756, -0.1312694549560547, -0.1327139437198639], [0.08293972909450531, 0.6383222341537476, 0.7652879953384399, 0.08774453401565552], [0.1056976392865181, -0.7692369222640991, 0.6301607489585876, 0.786990225315094], [0.0, 0.0, 0.0, 1.0]], [[0.9911823868751526, 0.11098247021436691, -0.07239069789648056, -0.14548572897911072], [0.02761712856590748, 0.3612962067127228, 0.9320419430732727, 0.06728257238864899], [0.1295948177576065, -0.9258227348327637, 0.3550454080104828, 0.8531490564346313], [0.0, 0.0, 0.0, 1.0]], [[0.9883652329444885, 0.14729925990104675, -0.037909314036369324, -0.14753754436969757], [-0.041612572968006134, 0.5016028881072998, 0.8640965819358826, 0.08435459434986115], [0.14629621803760529, -0.8524655103683472, 0.501896321773529, 0.8214622735977173], [0.0, 0.0, 0.0, 1.0]], [[-0.9869449734687805, -0.14431264996528625, -0.07150764018297195, -0.14175920188426971], [0.09359097480773926, -0.8752209544181824, 0.4745829403400421, 0.13673314452171326], [-0.13107332587242126, 0.46169477701187134, 0.8773013949394226, 0.7333822250366211], [0.0, 0.0, 0.0, 1.0]], [[0.9967085719108582, 0.0082820113748312, -0.08064442873001099, -0.1357923001050949], [0.05375518277287483, 0.6771116256713867, 0.733914315700531, 0.10387498140335083], [0.060683559626340866, -0.7358337640762329, 0.6744377017021179, 0.7670709490776062], [0.0, 0.0, 0.0, 1.0]], [[0.978873610496521, -0.05163155123591423, -0.1978399157524109, -0.12009800970554352], [0.16598595678806305, 0.7656738758087158, 0.6214435696601868, 0.11905837059020996], [0.11939475685358047, -0.6411533355712891, 0.7580680847167969, 0.7361726760864258], [0.0, 0.0, 0.0, 1.0]], [[-0.9708755612373352, -0.2082948088645935, -0.11838029325008392, -0.15087661147117615], [0.15034745633602142, -0.914395809173584, 0.37586691975593567, 0.10934881865978241], [-0.18653756380081177, 0.34712183475494385, 0.9190811514854431, 0.7934098243713379], [0.0, 0.0, 0.0, 1.0]], [[-0.9952909350395203, 0.08970162272453308, -0.036736439913511276, -0.14492163062095642], [-0.08836643397808075, -0.683876097202301, 0.7242270708084106, 0.11595812439918518], [0.039841178804636, 0.7240628600120544, 0.6885823011398315, 0.7409875392913818], [0.0, 0.0, 0.0, 1.0]], [[-0.9943524599075317, -0.07327841967344284, 0.0767693817615509, -0.1596279889345169], [0.10101673752069473, -0.43170681595802307, 0.8963396549224854, 0.07158683240413666], [-0.032540492713451385, 0.8990325331687927, 0.43667104840278625, 0.8108787536621094], [0.0, 0.0, 0.0, 1.0]], [[0.9885578155517578, 0.04548867791891098, -0.14382003247737885, -0.1313457190990448], [0.084175243973732, 0.6248285174369812, 0.776211142539978, 0.07972517609596252], [0.1251716911792755, -0.7794356346130371, 0.6138501167297363, 0.8022569417953491], [0.0, 0.0, 0.0, 1.0]], [[-0.9999935030937195, 0.0015885148895904422, -0.0032302187755703926, -0.1526065617799759], [-0.0035939340014010668, -0.491267591714859, 0.8710012435913086, 0.09571915864944458], [-0.00020330330880824476, 0.8710072040557861, 0.49127012491226196, 0.8071966171264648], [0.0, 0.0, 0.0, 1.0]], [[0.9924208521842957, 0.07935215532779694, -0.09383042901754379, -0.12937428057193756], [0.029592325910925865, 0.5867650508880615, 0.809216320514679, 0.0755864828824997], [0.1192694753408432, -0.8058598041534424, 0.5799696445465088, 0.77558434009552], [0.0, 0.0, 0.0, 1.0]], [[0.9959138631820679, 0.07873323559761047, -0.0442335307598114, -0.14342544972896576], [-0.008588436990976334, 0.5701613426208496, 0.8214878439903259, 0.09315918385982513], [0.08989864587783813, -0.8177512288093567, 0.5685077905654907, 0.7928944826126099], [0.0, 0.0, 0.0, 1.0]], [[0.9851601719856262, 0.16829372942447662, -0.03371162340044975, -0.1318274885416031], [-0.08443357795476913, 0.6461942791938782, 0.75848788022995, 0.11624325811862946], [0.14943300187587738, -0.7443856596946716, 0.6508146524429321, 0.7451575994491577], [0.0, 0.0, 0.0, 1.0]], [[0.9979095458984375, -0.019898395985364914, -0.06148560717701912, -0.13704286515712738], [0.05343018099665642, 0.7892451882362366, 0.6117492914199829, 0.12295356392860413], [0.036354392766952515, -0.6137556433677673, 0.7886585593223572, 0.7425357699394226], [0.0, 0.0, 0.0, 1.0]], [[-0.9951080083847046, -0.09878068417310715, -0.00158501707483083, -0.1542845219373703], [0.03925849124789238, -0.41010725498199463, 0.9111918807029724, 0.07310359179973602], [-0.09065819531679153, 0.9066721200942993, 0.41197896003723145, 0.8377005457878113], [0.0, 0.0, 0.0, 1.0]], [[0.9870461821556091, 0.022463031113147736, -0.1588558703660965, -0.13181482255458832], [0.11555047333240509, 0.587370753288269, 0.8010266423225403, 0.07083006203174591], [0.11130078136920929, -0.8090061545372009, 0.5771664977073669, 0.8296367526054382], [0.0, 0.0, 0.0, 1.0]], [[-0.9968177080154419, -0.07422485202550888, 0.029071474447846413, -0.15768925845623016], [0.06301169097423553, -0.5103010535240173, 0.857684314250946, 0.07497093081474304], [-0.04882628843188286, 0.8567867279052734, 0.5133541226387024, 0.7904646396636963], [0.0, 0.0, 0.0, 1.0]], [[0.9921164512634277, 0.1235761046409607, -0.020831109955906868, -0.15516620874404907], [-0.03839386999607086, 0.45795467495918274, 0.8881461024284363, 0.08679530024528503], [0.11929333209991455, -0.880344569683075, 0.45908892154693604, 0.8490841388702393], [0.0, 0.0, 0.0, 1.0]], [[-0.9963147044181824, 0.010465055704116821, -0.08513259142637253, -0.14034025371074677], [-0.051189154386520386, -0.8689444661140442, 0.49225518107414246, 0.14191514253616333], [-0.06882400810718536, 0.4947989583015442, 0.866277813911438, 0.7343764901161194], [0.0, 0.0, 0.0, 1.0]], [[0.9919392466545105, 0.08379662036895752, -0.09505121409893036, -0.1409846544265747], [0.024848544970154762, 0.6069210171699524, 0.7943735718727112, 0.08058677613735199], [0.12425440549850464, -0.7903321981430054, 0.5999464988708496, 0.8126672506332397], [0.0, 0.0, 0.0, 1.0]], [[0.9926838278770447, 0.029629917815327644, -0.1170511245727539, -0.12995439767837524], [0.06617894023656845, 0.677322506904602, 0.7327035665512085, 0.07602675259113312], [0.10099130123853683, -0.7350893020629883, 0.6704061627388, 0.7896887063980103], [0.0, 0.0, 0.0, 1.0]], [[0.9903678297996521, 0.09316670149564743, -0.10242809355258942, -0.1314959079027176], [0.02373547852039337, 0.6145743727684021, 0.7885016798973083, 0.07668997347354889], [0.13641178607940674, -0.7833378314971924, 0.6064433455467224, 0.7833576202392578], [0.0, 0.0, 0.0, 1.0]], [[0.9943425059318542, 0.07520673424005508, -0.0750126838684082, -0.1340084671974182], [0.011615969240665436, 0.6249690651893616, 0.7805630564689636, 0.08894090354442596], [0.10558421164751053, -0.7770183682441711, 0.6205597519874573, 0.7799796462059021], [0.0, 0.0, 0.0, 1.0]], [[0.9850637912750244, 0.048537395894527435, -0.16520752012729645, -0.12615428864955902], [0.09229975193738937, 0.6611211895942688, 0.7445801496505737, 0.11326117068529129], [0.14536216855049133, -0.7487075328826904, 0.6467664837837219, 0.7428774833679199], [0.0, 0.0, 0.0, 1.0]], [[-0.9974143505096436, -0.07125119119882584, -0.009378764778375626, -0.15160690248012543], [0.02274303510785103, -0.43674400448799133, 0.8992983102798462, 0.08470404148101807], [-0.06817219406366348, 0.8967596888542175, 0.43723517656326294, 0.8087589740753174], [0.0, 0.0, 0.0, 1.0]], [[-0.9888073205947876, 0.1434437334537506, -0.041037674993276596, -0.14620767533779144], [-0.14718374609947205, -0.8927804231643677, 0.42576998472213745, 0.1503210961818695], [0.024436447769403458, 0.427044540643692, 0.9039003252983093, 0.7252647280693054], [0.0, 0.0, 0.0, 1.0]], [[0.9931306838989258, 0.07194235920906067, -0.09228047728538513, -0.13655465841293335], [0.021458784118294716, 0.663295328617096, 0.7480499744415283, 0.07382382452487946], [0.11502569168806076, -0.7448916435241699, 0.6571952104568481, 0.8010158538818359], [0.0, 0.0, 0.0, 1.0]], [[0.9931007623672485, 0.10806190222501755, -0.045536115765571594, -0.15056313574314117], [-0.0015282721724361181, 0.4002145826816559, 0.9164202213287354, 0.07618030905723572], [0.11725432425737381, -0.9100279808044434, 0.39761853218078613, 0.8503794074058533], [0.0, 0.0, 0.0, 1.0]], [[0.990206778049469, 0.13189733028411865, -0.04575664922595024, -0.14929749071598053], [-0.030088597908616066, 0.5216695070266724, 0.8526167869567871, 0.08365204930305481], [0.13632775843143463, -0.842890202999115, 0.5205292701721191, 0.8272386193275452], [0.0, 0.0, 0.0, 1.0]], [[-0.9763110280036926, -0.20708811283111572, 0.06269840151071548, -0.16091157495975494], [0.17218203842639923, -0.5681014657020569, 0.8047447204589844, 0.07111550867557526], [-0.1310340315103531, 0.7964766621589661, 0.5903006792068481, 0.815059244632721], [0.0, 0.0, 0.0, 1.0]], [[0.9907394647598267, -0.020216405391693115, -0.13426323235034943, -0.127303346991539], [0.11253421753644943, 0.6755447387695312, 0.7286806106567383, 0.10476355254650116], [0.07596950978040695