{"pred_grasps_cam": {"1.0": [[[0.6481638550758362, 0.5358904600143433, 0.5410220623016357, -0.18013520538806915], [-0.7096160650253296, 0.16729211807250977, 0.6844401359558105, -0.17662179470062256], [0.27627626061439514, -0.8275473117828369, 0.4887092411518097, 1.310113549232483], [0.0, 0.0, 0.0, 1.0]], [[0.43050000071525574, 0.6033129692077637, 0.6713293790817261, -0.2100759744644165], [-0.8217670321464539, -0.04564666002988815, 0.5679922699928284, -0.1635054349899292], [0.3733211159706116, -0.7961970567703247, 0.4761318862438202, 1.3289923667907715], [0.0, 0.0, 0.0, 1.0]], [[0.6438966989517212, 0.5108855366706848, 0.5695550441741943, -0.18856161832809448], [-0.6893443465232849, 0.0643872395157814, 0.7215667963027954, -0.18617941439151764], [0.33196598291397095, -0.857234001159668, 0.3936347961425781, 1.3002760410308838], [0.0, 0.0, 0.0, 1.0]], [[0.9302863478660583, 0.27916771173477173, 0.23797647655010223, -0.13168543577194214], [-0.3193245828151703, 0.2969754934310913, 0.8999096751213074, -0.19254368543624878], [0.18055254220962524, -0.9131654500961304, 0.36541733145713806, 1.2910088300704956], [0.0, 0.0, 0.0, 1.0]], [[0.6573916673660278, 0.6216242909431458, 0.42593351006507874, -0.18641415238380432], [-0.6629687547683716, 0.20842711627483368, 0.7190483808517456, -0.18404468894004822], [0.358201801776886, -0.7550770044326782, 0.5491357445716858, 1.3057764768600464], [0.0, 0.0, 0.0, 1.0]], [[0.6471369862556458, 0.6814771294593811, 0.3417642116546631, -0.17169244587421417], [-0.6650769114494324, 0.28550249338150024, 0.6900441646575928, -0.1837349236011505], [0.3726748824119568, -0.6738526225090027, 0.6379938721656799, 1.2792125940322876], [0.0, 0.0, 0.0, 1.0]], [[0.4522724449634552, 0.5851092338562012, 0.6731247305870056, -0.19797593355178833], [-0.8524430394172668, 0.06164347007870674, 0.5191733837127686, -0.16007420420646667], [0.26227933168411255, -0.8086082935333252, 0.5266519784927368, 1.322106957435608], [0.0, 0.0, 0.0, 1.0]], [[0.8907743096351624, 0.36580824851989746, 0.26963943243026733, -0.14287599921226501], [-0.3746625483036041, 0.25534895062446594, 0.891305148601532, -0.19745436310768127], [0.2571946382522583, -0.8949755430221558, 0.36451295018196106, 1.3028417825698853], [0.0, 0.0, 0.0, 1.0]]], "2.0": [[[-0.5759341716766357, 0.8153500556945801, 0.05919495224952698, 0.10644973069429398], [-0.2440420240163803, -0.240587055683136, 0.9394473433494568, 0.06745356321334839], [0.7802200317382812, 0.5266137719154358, 0.33754199743270874, 0.9067468643188477], [0.0, 0.0, 0.0, 1.0]], [[-0.4606803059577942, 0.8832818865776062, 0.08710216730833054, 0.11496052145957947], [-0.4016039967536926, -0.29495668411254883, 0.8670148849487305, 0.06452867388725281], [0.7915099263191223, 0.3644361197948456, 0.4906102120876312, 0.9019869565963745], [0.0, 0.0, 0.0, 1.0]], [[-0.5097170472145081, 0.860283613204956, -0.010026534087955952, 0.11797119677066803], [-0.4313560128211975, -0.24545973539352417, 0.8681483268737793, 0.06977905333042145], [0.7443926334381104, 0.4468350112438202, 0.49620357155799866, 0.8971278667449951], [0.0, 0.0, 0.0, 1.0]], [[-0.5281388163566589, 0.8319705128669739, 0.1699834167957306, 0.11382457613945007], [-0.4403367340564728, -0.4394882023334503, 0.7829135656356812, 0.06739655137062073], [0.7260667085647583, 0.338637113571167, 0.5984579920768738, 0.894445538520813], [0.0, 0.0, 0.0, 1.0]]], "3.0": [[[0.42097705602645874, -0.9070703387260437, 0.001341119292192161, 0.011919967830181122], [0.8960655331611633, 0.41563916206359863, -0.15591871738433838, 0.15974758565425873], [0.1408718079328537, 0.06683993339538574, 0.9877690076828003, 0.7707040309906006], [0.0, 0.0, 0.0, 1.0]], [[0.7264764308929443, 0.6853058338165283, -0.05087126046419144, 0.07868194580078125], [-0.6810541749000549, 0.7278844118118286, 0.07968352735042572, 0.1619604080915451], [0.09163597971200943, -0.023242121562361717, 0.9955213069915771, 0.773245096206665], [0.0, 0.0, 0.0, 1.0]], [[0.9923138618469238, -0.11621218919754028, 0.042521003633737564, -0.01710532233119011], [0.1191420778632164, 0.9900797605514526, -0.07448119670152664, 0.19162486493587494], [-0.03344358131289482, 0.07897476106882095, 0.9963155388832092, 0.7899145483970642], [0.0, 0.0, 0.0, 1.0]], [[-0.5509640574455261, -0.8341453075408936, 0.02530115284025669, 0.045030876994132996], [0.8344695568084717, -0.5510332584381104, 0.0047773211263120174, 0.13645881414413452], [0.009956798516213894, 0.02374517358839512, 0.9996684193611145, 0.7906936407089233], [0.0, 0.0, 0.0, 1.0]], [[-0.7589737176895142, -0.6440486907958984, -0.09570862352848053, 0.07608096301555634], [0.6481145620346069, -0.7613726258277893, -0.01609862968325615, 0.17557393014431], [-0.06250161677598953, -0.07424858957529068, 0.9952791333198547, 0.8057157397270203], [0.0, 0.0, 0.0, 1.0]], [[0.20633752644062042, 0.9632329940795898, -0.17206773161888123, 0.06201871111989021], [-0.958850085735321, 0.23409517109394073, 0.1606425791978836, 0.13965758681297302], [0.19501642882823944, 0.1318405717611313, 0.9718985557556152, 0.7926676869392395], [0.0, 0.0, 0.0, 1.0]], [[-0.5800232291221619, 0.8122128844261169, 0.062315650284290314, -0.009902876801788807], [-0.7596272826194763, -0.5669217109680176, 0.31869444251060486, 0.12889382243156433], [0.29417580366134644, 0.13751351833343506, 0.9458068609237671, 0.7779563665390015], [0.0, 0.0, 0.0, 1.0]], [[-0.17475229501724243, -0.9792522192001343, 0.10260001569986343, 0.022740282118320465], [0.97813880443573, -0.1845877468585968, -0.09576933085918427, 0.14732961356639862], [0.1127210333943367, 0.08362114429473877, 0.9901018142700195, 0.7702950835227966], [0.0, 0.0, 0.0, 1.0]], [[-0.6048777103424072, -0.7945289611816406, 0.05335226655006409, 0.051824308931827545], [0.7937634587287903, -0.6069448590278625, -0.0394635945558548, 0.1604500114917755], [0.06373684853315353, 0.018478430807590485, 0.9977956414222717, 0.7802076935768127], [0.0, 0.0, 0.0, 1.0]], [[0.9740411639213562, -0.22386763989925385, 0.03357186168432236, -0.005524768494069576], [0.22637046873569489, 0.9635656476020813, -0.1424696147441864, 0.17976927757263184], [-0.0004543561954051256, 0.14637094736099243, 0.9892296195030212, 0.7937110066413879], [0.0, 0.0, 0.0, 1.0]], [[-0.4356539249420166, 0.8895657658576965, 0.13739848136901855, -0.0001138634979724884], [-0.8809580206871033, -0.45270994305610657, 0.13771943747997284, 0.137721449136734], [0.18471212685108185, -0.06104427948594093, 0.9808950424194336, 0.785409688949585], [0.0, 0.0, 0.0, 1.0]], [[0.9812042713165283, 0.19266903400421143, -0.010810594074428082, 0.08212330937385559], [-0.19210347533226013, 0.9805630445480347, 0.03990475460886955, 0.18614642322063446], [0.018288854509592056, -0.03707796335220337, 0.999144971370697, 0.7767246961593628], [0.0, 0.0, 0.0, 1.0]], [[0.8249363899230957, -0.5620492696762085, -0.0598386786878109, 0.0072336052544415], [0.5536829233169556, 0.8248345851898193, -0.1143820732831955, 0.16272911429405212], [0.11364537477493286, 0.06122628226876259, 0.9916330575942993, 0.7801423072814941], [0.0, 0.0, 0.0, 1.0]], [[0.05292007699608803, 0.9966205954551697, -0.06282294541597366, 0.0408860445022583], [-0.9832704663276672, 0.06298499554395676, 0.17091523110866547, 0.13147208094596863], [0.17429454624652863, 0.052727099508047104, 0.9832808375358582, 0.7633672952651978], [0.0, 0.0, 0.0, 1.0]], [[-0.09012411534786224, -0.8377454280853271, 0.538572371006012, -0.02535190060734749], [0.9869751930236816, -0.14748428761959076, -0.06425142288208008, 0.15076324343681335], [0.13325726985931396, 0.5257669687271118, 0.8401259183883667, 0.7679249048233032], [0.0, 0.0, 0.0, 1.0]], [[-0.3243653178215027, -0.939683735370636, 0.10854333639144897, 0.034828800708055496], [0.9392966628074646, -0.33352982997894287, -0.08049552142620087, 0.1547602415084839], [0.11184277385473251, 0.07584443688392639, 0.9908273816108704, 0.7742148041725159], [0.0, 0.0, 0.0, 1.0]], [[-0.2866828441619873, 0.9544218182563782, 0.08301761746406555, 0.004867819137871265], [-0.934455931186676, -0.29768121242523193, 0.19539201259613037, 0.13225452601909637], [0.21119920909404755, -0.02156076952815056, 0.977205216884613, 0.7652153968811035], [0.0, 0.0, 0.0, 1.0]], [[0.9244887232780457, 0.3545761704444885, -0.13998647034168243, 0.0863175094127655], [-0.36469364166259766, 0.9295623302459717, -0.05396604910492897, 0.18899649381637573], [0.11099108308553696, 0.1009431779384613, 0.9886816740036011, 0.7979907393455505], [0.0, 0.0, 0.0, 1.0]], [[0.16237574815750122, -0.9669016599655151, -0.1968124359846115, 0.04453281685709953], [0.9825654029846191, 0.1767454296350479, -0.05767247453331947, 0.14410942792892456], [0.09054934233427048, -0.18401648104190826, 0.9787434339523315, 0.782337486743927], [0.0, 0.0, 0.0, 1.0]], [[0.6194199323654175, 0.7115759253501892, -0.3316304087638855, 0.09621993452310562], [-0.7190061807632446, 0.6838036179542542, 0.12426898628473282, 0.15437909960746765], [0.31519684195518494, 0.16146962344646454, 0.9351890683174133, 0.8061795234680176], [0.0, 0.0, 0.0, 1.0]], [[-0.9005957245826721, -0.43015357851982117, -0.062412358820438385, 0.06678298115730286], [0.43459510803222656, -0.888695478439331, -0.14610804617404938, 0.1753200739622116], [0.007383342366665602, -0.158708393573761, 0.9872978925704956, 0.7929573655128479], [0.0, 0.0, 0.0, 1.0]], [[0.5874872207641602, 0.7784280180931091, -0.22115281224250793, 0.08497671037912369], [-0.7489804625511169, 0.6265237331390381, 0.21563011407852173, 0.1401851624250412], [0.306410014629364, 0.03895919397473335, 0.9511020183563232, 0.7804816961288452], [0.0, 0.0, 0.0, 1.0]], [[0.06662160903215408, -0.9959607124328613, 0.0601973831653595, 0.013979071751236916], [0.9900379776954651, 0.05848407372832298, -0.12807990610599518, 0.16228771209716797], [0.12404197454452515, 0.06813058257102966, 0.9899352192878723, 0.7593797445297241], [0.0, 0.0, 0.0, 1.0]], [[-0.24040447175502777, -0.9689748883247375, 0.05738704279065132, 0.03524564951658249], [0.9657428860664368, -0.244716078042984, -0.08634106814861298, 0.1442178189754486], [0.09770587086677551, 0.034664347767829895, 0.994611382484436, 0.781739354133606], [0.0, 0.0, 0.0, 1.0]], [[0.9176660180091858, 0.3875596821308136, -0.08767321705818176, 0.08344759792089462], [-0.395389199256897, 0.912534236907959, -0.10463599860668182, 0.18236559629440308], [0.039452116936445236, 0.1306859403848648, 0.9906385540962219, 0.7926462888717651], [0.0, 0.0, 0.0, 1.0]], [[-0.43785855174064636, -0.8902283310890198, 0.1255919188261032, 0.038546107709407806], [0.8930888175964355, -0.44674527645111084, -0.05301860347390175, 0.15874579548835754], [0.10330625623464584, 0.08895009011030197, 0.9906643033027649, 0.7651808261871338], [0.0, 0.0, 0.0, 1.0]], [[0.8475949168205261, -0.5205070376396179, -0.10322406142950058, 0.011907297186553478], [0.5202654600143433, 0.8534273505210876, -0.031394004821777344, 0.16051939129829407], [0.1044350266456604, -0.027094515040516853, 0.9941625595092773, 0.7678258419036865], [0.0, 0.0, 0.0, 1.0]], [[-0.5225417613983154, -0.8519468903541565, -0.03371286392211914, 0.06624433398246765], [0.8320132493972778, -0.518156886100769, 0.19816002249717712, 0.1429123431444168], [-0.18629039824008942, 0.0754973366856575, 0.9795897006988525, 0.8086004853248596], [0.0, 0.0, 0.0, 1.0]], [[0.30606818199157715, 0.936434268951416, -0.1715025007724762, 0.06390433758497238], [-0.926860511302948, 0.3342413306236267, 0.17091596126556396, 0.13564267754554749], [0.2173748016357422, 0.10664695501327515, 0.9702446460723877, 0.780971884727478], [0.0, 0.0, 0.0, 1.0]], [[-0.5449894070625305, 0.7942764163017273, 0.2685357332229614, -0.02223154529929161], [-0.8191962242126465, -0.5726602077484131, 0.03127078711986542, 0.157589852809906], [0.1786174327135086, -0.20294120907783508, 0.9627619385719299, 0.7925146222114563], [0.0, 0.0, 0.0, 1.0]], [[-0.7115228772163391, -0.7026358246803284, -0.006169482599943876, 0.056076858192682266], [0.7026113867759705, -0.7113369107246399, -0.01835807040333748, 0.15063658356666565], [0.00851045548915863, -0.01739693619310856, 0.9998124241828918, 0.7896701097488403], [0.0, 0.0, 0.0, 1.0]], [[0.172164648771286, -0.9849709272384644, 0.013847598806023598, 0.0215391106903553], [0.9776796698570251, 0.16913791000843048, -0.12463942170143127, 0.15302392840385437], [0.1204240471124649, 0.03499701991677284, 0.9921054840087891, 0.7691338062286377], [0.0, 0.0, 0.0, 1.0]], [[-0.351412832736969, -0.9135751128196716, 0.20466949045658112, 0.01550638023763895], [0.9268755912780762, -0.370300829410553, -0.0614728219807148, 0.15252017974853516], [0.1319492906332016, 0.16810081899166107, 0.9768989682197571, 0.7627748250961304], [0.0, 0.0, 0.0, 1.0]], [[0.9912109375, 0.08677496761083603, -0.09985451400279999, 0.08070079982280731], [-0.07415981590747833, 0.989535927772522, 0.12376941740512848, 0.18910439312458038], [0.10954972356557846, -0.11527641117572784, 0.9872741103172302, 0.7901334762573242], [0.0, 0.0, 0.0, 1.0]], [[0.9138219356536865, -0.40387120842933655, -0.04263231158256531, 0.004051388241350651], [0.40276414155960083, 0.9147319197654724, -0.03235054016113281, 0.165910005569458], [0.052062589675188065, 0.012391867116093636, 0.9985669255256653, 0.7790583968162537], [0.0, 0.0, 0.0, 1.0]], [[-0.8131968975067139, 0.3780876696109772, 0.44244831800460815, -0.057515788823366165], [-0.48380354046821594, -0.8617295622825623, -0.15282748639583588, 0.19648142158985138], [0.3234885632991791, -0.33833688497543335, 0.8836760520935059, 0.8125553131103516], [0.0, 0.0, 0.0, 1.0]], [[0.4865821599960327, -0.8629301190376282, -0.13634264469146729, 0.027309980243444443], [0.8518774509429932, 0.5032630562782288, -0.14502069354057312, 0.16801193356513977], [0.19375896453857422, -0.04558274522423744, 0.9799895882606506, 0.75582355260849], [0.0, 0.0, 0.0, 1.0]], [[-0.9085438847541809, 0.29742977023124695, 0.293399840593338, -0.04199526086449623], [-0.31996679306030273, -0.9469253420829773, -0.03087964840233326, 0.19929787516593933], [0.26864320039749146, -0.1219337210059166, 0.9554909467697144, 0.8007357716560364], [0.0, 0.0, 0.0, 1.0]], [[0.8368518352508545, -0.5456637144088745, -0.04393420368432999, 0.006596801336854696], [0.5360308885574341, 0.8330758213996887, -0.13658559322357178, 0.15861648321151733], [0.11113034933805466, 0.09075181186199188, 0.9896535873413086, 0.7893319129943848], [0.0, 0.0, 0.0, 1.0]], [[0.6423900723457336, -0.7476471066474915, -0.16840068995952606, 0.026068326085805893], [0.7500502467155457, 0.6584540605545044, -0.06215212866663933, 0.15270063281059265], [0.15735197067260742, -0.08638306707143784, 0.9837572574615479, 0.781217098236084], [0.0, 0.0, 0.0, 1.0]], [[-0.2782055735588074, 0.960328221321106, 0.019269263371825218, 0.001986769028007984], [-0.9464011788368225, -0.27748778462409973, 0.16530393064022064, 0.1377757340669632], [0.164093017578125, 0.027752021327614784, 0.9860543608665466, 0.7570196390151978], [0.0, 0.0, 0.0, 1.0]], [[-0.002473551547154784, 0.9998371601104736, 0.017875224351882935, -0.0037619369104504585], [-0.9929695725440979, -0.004571222700178623, 0.11828195303678513, 0.14461752772331238], [0.11834443360567093, -0.01745697669684887, 0.99281907081604, 0.7630476355552673], [0.0, 0.0, 0.0, 1.0]], [[0.7666990756988525, 0.6363872289657593, -0.08475687354803085, 0.07458747178316116], [-0.639944314956665, 0.7681201696395874, -0.021506575867533684, 0.16002841293811798], [0.051416970789432526, 0.07072874903678894, 0.9961695075035095, 0.7730981707572937], [0.0, 0.0, 0.0, 1.0]], [[-0.26378944516181946, 0.959772527217865, 0.09618659317493439, 0.012062443420290947], [-0.941021740436554, -0.27796828746795654, 0.19290365278720856, 0.12985531985759735], [0.21188049018383026, -0.03962772712111473, 0.9764918088912964, 0.7612931728363037], [0.0, 0.0, 0.0, 1.0]], [[0.7340386509895325, -0.6703460216522217, -0.1087358146905899, 0.01657094806432724], [0.6652809977531433, 0.7419611811637878, -0.08303484320640564, 0.158813938498497], [0.13633984327316284, -0.011389085091650486, 0.9905965924263, 0.7723847031593323], [0.0, 0.0, 0.0, 1.0]], [[-0.6376297473907471, -0.7663131356239319, 0.07869257777929306, 0.041510507464408875], [0.7699928283691406, -0.637085497379303, 0.035116057842969894, 0.13870681822299957], [0.023224003612995148, 0.08298376202583313, 0.9962802529335022, 0.7841230034828186], [0.0, 0.0, 0.0, 1.0]], [[-0.7974711656570435, 0.4923323094844818, 0.3487817645072937, -0.04829322174191475], [-0.5042264461517334, -0.8612795472145081, 0.0628751888871193, 0.1789642721414566], [0.33135414123535156, -0.12572383880615234, 0.9350924491882324, 0.7869695425033569], [0.0, 0.0, 0.0, 1.0]], [[0.04004402086138725, -0.9909517168998718, -0.12810520827770233, 0.0444040410220623], [0.995625376701355, 0.05040343478322029, -0.07867387682199478, 0.14137735962867737], [0.08441897481679916, -0.12439437955617905, 0.9886350631713867, 0.7802781462669373], [0.0, 0.0, 0.0, 1.0]], [[-0.4057590961456299, 0.909325361251831, 0.09212465584278107, -0.0003901878371834755], [-0.8913318514823914, -0.4159887731075287, 0.18022453784942627, 0.13760045170783997], [0.20220555365085602, -0.008985893800854683, 0.9793018698692322, 0.7789449691772461], [0.0, 0.0, 0.0, 1.0]], [[-0.694769561290741, 0.6826190948486328, 0.22655324637889862, -0.027568761259317398], [-0.6530231237411499, -0.7307106256484985, 0.1990545392036438, 0.1463215947151184], [0.3014233112335205, -0.009647472761571407, 0.9534415602684021, 0.785210132598877], [0.0, 0.0, 0.0, 1.0]], [[0.1243545264005661, -0.9427087306976318, 0.3095740079879761, -0.007935629226267338], [0.9893967509269714, 0.09421572834253311, -0.11053243279457092, 0.16084009408950806], [0.07503315806388855, 0.32003673911094666, 0.9444291591644287, 0.754793107509613], [0.0, 0.0, 0.0, 1.0]], [[0.2901337146759033, 0.9311275482177734, -0.22096066176891327, 0.07091733068227768], [-0.9138297438621521, 0.3381190896034241, 0.2249234914779663, 0.1357179582118988], [0.2841435372829437, 0.1366625428199768, 0.9489918947219849, 0.8035672307014465], [0.0, 0.0, 0.0, 1.0]], [[-0.23936524987220764, -0.9618678092956543, 0.13234229385852814, 0.025242317467927933], [0.9630935788154602, -0.25249969959259033, -0.09324461221694946, 0.15061601996421814], [0.12310538440942764, 0.10513849556446075, 0.9868084788322449, 0.7756974697113037], [0.0, 0.0, 0.0, 1.0]], [[0.49542349576950073, -0.8593002557754517, -0.12711669504642487, 0.021765410900115967], [0.8493735194206238, 0.5098724961280823, -0.1363624483346939, 0.1654750406742096], [0.18198955059051514, -0.04041239246726036, 0.9824696779251099, 0.7624969482421875], [0.0, 0.0, 0.0, 1.0]], [[-0.3875066936016083, -0.9054722785949707, 0.1730847954750061, 0.02612137421965599], [0.9131741523742676, -0.40274927020072937, -0.06249665468931198, 0.15632644295692444], [0.12629877030849457, 0.1338386833667755, 0.9829220771789551, 0.7621183395385742], [0.0, 0.0, 0.0, 1.0]], [[-0.025484979152679443, -0.9907239675521851, 0.13347852230072021, 0.015558017417788506], [0.9954386949539185, -0.03742922469973564, -0.08775416761636734, 0.15281569957733154], [0.0919361561536789, 0.13063327968120575, 0.9871588945388794, 0.7674755454063416], [0.0, 0.0, 0.0, 1.0]], [[0.9254956245422363, -0.37228137254714966, -0.06974542886018753, 0.001359374262392521], [0.3760334849357605, 0.925173282623291, 0.051509495824575424, 0.16428638994693756], [0.0453505776822567, -0.07389842718839645, 0.9962340593338013, 0.774079442024231], [0.0, 0.0, 0.0, 1.0]], [[0.9091045260429382, 0.4090724289417267, -0.07866676151752472, 0.08128312230110168], [-0.41433653235435486, 0.9074846506118774, -0.06925679743289948, 0.17034487426280975], [0.043057866394519806, 0.09555618464946747, 0.9944922924041748, 0.7934260964393616], [0.0, 0.0, 0.0, 1.0]], [[-0.2299167960882187, -0.8345858454704285, 0.5006042122840881, -0.013791938312351704], [0.9640383720397949, -0.26576295495033264, -0.0003064315824303776, 0.14605000615119934], [0.13329783082008362, 0.48253121972084045, 0.8656761646270752, 0.7662833333015442], [0.0, 0.0, 0.0, 1.0]], [[0.9943075776100159, -0.08909197896718979, 0.058437783271074295, -0.008927236311137676], [0.09631229937076569, 0.986104428768158, -0.1353587806224823, 0.18553800880908966], [-0.045566365122795105, 0.14021652936935425, 0.9890718460083008, 0.7904585003852844], [0.0, 0.0, 0.0, 1.0]], [[0.14271098375320435, 0.9805223941802979, -0.13494277000427246, 0.05635477975010872], [-0.9613911509513855, 0.1697361022233963, 0.2166026532649994, 0.12557515501976013], [0.23528838157653809, 0.09882120788097382, 0.9668887257575989, 0.7634255886077881], [0.0, 0.0, 0.0, 1.0]], [[0.2062259018421173, -0.9729928970336914, 0.10371070355176926, 0.005700086243450642], [0.9715114235877991, 0.19095000624656677, -0.14036983251571655, 0.16064608097076416], [0.1167752742767334, 0.12970402836799622, 0.9846525192260742, 0.765882670879364], [0.0, 0.0, 0.0, 1.0]], [[-0.9985255599021912, 0.054146017879247665, 0.0038506537675857544, 0.07059560716152191], [-0.052796389907598495, -0.9852237105369568, 0.16293197870254517, 0.18713010847568512], [0.012615854851901531, 0.1624884456396103, 0.986629843711853, 0.787057638168335], [0.0, 0.0, 0.0, 1.0]], [[0.3462600111961365, 0.9339447021484375, -0.08860747516155243, 0.06133442744612694], [-0.9079508185386658, 0.3573870062828064, 0.2188604176044464, 0.13056594133377075], [0.2360706925392151, 0.004668617621064186, 0.9717246294021606, 0.7639302015304565], [0.0, 0.0, 0.0, 1.0]], [[0.08868227899074554, -0.9938364028930664, 0.06651854515075684, 0.018230535089969635], [0.9860876202583313, 0.07817218452692032, -0.1466980129480362, 0.15884877741336823], [0.14059394598007202, 0.0786026269197464, 0.9869422316551208, 0.7617878317832947], [0.0, 0.0, 0.0, 1.0]]], "4.0": [[[-0.5120995044708252, 0.8569363951683044, -0.05843000486493111, -0.11918997764587402], [-0.8083376288414001, -0.45782050490379333, 0.37012243270874023, 0.052895694971084595], [0.29042088985443115, 0.23677067458629608, 0.9271436333656311, 0.6883245706558228], [0.0, 0.0, 0.0, 1.0]], [[-0.5128700733184814, 0.8561549186706543, 0.06295226514339447, -0.2108660638332367], [-0.3073691427707672, -0.25160548090934753, 0.9177247881889343, 0.022760212421417236], [0.8015537858009338, 0.4513240158557892, 0.39219653606414795, 0.7161422967910767], [0.0, 0.0, 0.0, 1.0]], [[-0.42273572087287903, 0.8795612454414368, 0.21832646429538727, -0.23386050760746002], [-0.8261048793792725, -0.4730539619922638, 0.30621984601020813, 0.09623458981513977], [0.37261927127838135, -0.05091048777103424, 0.9265867471694946, 0.6758116483688354], [0.0, 0.0, 0.0, 1.0]], [[-0.40446415543556213, 0.891613781452179, -0.20355252921581268, -0.07605443894863129], [-0.8621729016304016, -0.2974913716316223, 0.41006919741630554, 0.03232856094837189], [0.3050682544708252, 0.3413557708263397, 0.8890498280525208, 0.705101728439331], [0.0, 0.0, 0.0, 1.0]], [[-0.4924391508102417, 0.8696719408035278, -0.034267719835042953, -0.15100789070129395], [-0.7741501331329346, -0.41967901587486267, 0.4738787114620209, 0.060745179653167725], [0.3977375626564026, 0.2598848044872284, 0.8799231052398682, 0.6897053122520447], [0.0, 0.0, 0.0, 1.0]], [[-0.5510231256484985, 0.8337414860725403, 0.035336945205926895, -0.18466663360595703], [-0.5974409580230713, -0.42370733618736267, 0.6808350682258606, 0.044722795486450195], [0.5826130509376526, 0.3540441393852234, 0.7315837740898132, 0.6930825710296631], [0.0, 0.0, 0.0, 1.0]], [[-0.5083701610565186, 0.49601030349731445, 0.7039414644241333, -0.27705907821655273], [-0.8029573559761047, -0.5684075355529785, -0.17936661839485168, 0.15398156642913818], [0.3111579120159149, -0.6564196348190308, 0.6872365474700928, 0.729973554611206], [0.0, 0.0, 0.0, 1.0]], [[-0.5889487266540527, 0.8038285374641418, 0.0836615189909935, -0.15346048772335052], [-0.606248676776886, -0.5078802704811096, 0.6119806170463562, 0.027819201350212097], [0.534417450428009, 0.309705525636673, 0.7864353656768799, 0.6911123991012573], [0.0, 0.0, 0.0, 1.0]], [[-0.48523902893066406, 0.8736220598220825, -0.03643367812037468, -0.11115380376577377], [-0.7173984050750732, -0.37395378947257996, 0.5877907872200012, 0.015727609395980835], [0.4998825192451477, 0.3113565146923065, 0.8081920742988586, 0.69439697265625], [0.0, 0.0, 0.0, 1.0]], [[-0.39351263642311096, 0.2100209891796112, -0.8950077891349792, -0.007639184594154358], [-0.9075827598571777, 0.06631603091955185, 0.4146031141281128, 0.02476358413696289], [0.14642871916294098, 0.9754452109336853, 0.16451522707939148, 0.8283514380455017], [0.0, 0.0, 0.0, 1.0]], [[-0.5572579503059387, 0.7647789716720581, 0.32338327169418335, -0.22947022318840027], [-0.7286581993103027, -0.6371517777442932, 0.25118696689605713, 0.09729928523302078], [0.39814671874046326, -0.09565993398427963, 0.9123203754425049, 0.6799458861351013], [0.0, 0.0, 0.0, 1.0]], [[-0.4512229561805725, 0.8486385941505432, -0.2760626971721649, -0.0826868787407875], [-0.8560388088226318, -0.3241857588291168, 0.40261802077293396, 0.04149700701236725], [0.25218161940574646, 0.41799086332321167, 0.8727474808692932, 0.7182638645172119], [0.0, 0.0, 0.0, 1.0]], [[-0.5259259343147278, 0.8096085786819458, -0.2606445848941803, -0.05393688380718231], [-0.7327800989151001, -0.27574169635772705, 0.6220930814743042, 0.00823548436164856], [0.4317812919616699, 0.5181700587272644, 0.7382848262786865, 0.7309491038322449], [0.0, 0.0, 0.0, 1.0]], [[-0.46881797909736633, 0.8818269968032837, 0.050902217626571655, -0.17184871435165405], [-0.5411436557769775, -0.3322869539260864, 0.7724953293800354, 0.021416306495666504], [0.6981213092803955, 0.33461427688598633, 0.6329770684242249, 0.7048020362854004], [0.0, 0.0, 0.0, 1.0]], [[-0.6640974283218384, 0.7395797371864319, -0.10952772945165634, -0.13408295810222626], [-0.7231335639953613, -0.5981894731521606, 0.34532180428504944, 0.0705602765083313], [0.18987467885017395, 0.3085305094718933, 0.9320710897445679, 0.6937720775604248], [0.0, 0.0, 0.0, 1.0]], [[-0.45870983600616455, 0.8781362771987915, -0.13587486743927002, -0.07989536970853806], [-0.7945596575737, -0.3368891477584839, 0.5051541328430176, 0.016277208924293518], [0.3978194296360016, 0.33967986702919006, 0.8522660136222839, 0.6928262114524841], [0.0, 0.0, 0.0, 1.0]], [[-0.6197251081466675, 0.7780812978744507, 0.1026175394654274, -0.1557435244321823], [-0.6428229212760925, -0.578253448009491, 0.5023959875106812, 0.04182127118110657], [0.45024386048316956, 0.24538248777389526, 0.8585266470909119, 0.6986994743347168], [0.0, 0.0, 0.0, 1.0]], [[-0.31087765097618103, 0.9472687244415283, 0.07769833505153656, -0.13768528401851654], [-0.5231136679649353, -0.23878291249275208, 0.8181288242340088, -0.004511117935180664], [0.7935409545898438, 0.21369290351867676, 0.5697614550590515, 0.7139668464660645], [0.0, 0.0, 0.0, 1.0]], [[-0.5935231447219849, 0.799825131893158, 0.08949865400791168, -0.21363911032676697], [-0.6008950471878052, -0.5143676400184631, 0.6118423342704773, 0.060144662857055664], [0.5354021191596985, 0.3093632757663727, 0.7859000563621521, 0.6795614957809448], [0.0, 0.0, 0.0, 1.0]], [[-0.3794110417366028, 0.2657352089881897, -0.8862460255622864, -0.009755149483680725], [-0.8916559219360352, 0.15067130327224731, 0.42690491676330566, 0.029248550534248352], [0.24697551131248474, 0.9521989226341248, 0.17977802455425262, 0.8118066191673279], [0.0, 0.0, 0.0, 1.0]], [[-0.7517062425613403, 0.10870524495840073, -0.6504773497581482, -0.04467081278562546], [-0.6553723216056824, -0.012975534424185753, 0.7551944851875305, -0.0014426261186599731], [0.07365331798791885, 0.9939892888069153, 0.08099620044231415, 0.8918192386627197], [0.0, 0.0, 0.0, 1.0]], [[-0.5309122800827026, 0.8469785451889038, 0.027558578178286552, -0.15631639957427979], [-0.6643505096435547, -0.4361838400363922, 0.6069448590278625, 0.03899279236793518], [0.5260898470878601, 0.30392593145370483, 0.7942659854888916, 0.6912766695022583], [0.0, 0.0, 0.0, 1.0]], [[-0.5550721883773804, 0.8307079672813416, 0.0426507294178009, -0.16055476665496826], [-0.5692897439002991, -0.4167793095111847, 0.7086637020111084, 0.018773987889289856], [0.6064684987068176, 0.3690788745880127, 0.7042561173439026, 0.6920204162597656], [0.0, 0.0, 0.0, 1.0]], [[-0.6766601204872131, 0.73625248670578, -0.007968813180923462, -0.14730703830718994], [-0.6877339482307434, -0.628129243850708, 0.3639722168445587, 0.0629323273897171], [0.2629700005054474, 0.2517659068107605, 0.9313757419586182, 0.6843962669372559], [0.0, 0.0, 0.0, 1.0]], [[-0.5198473334312439, 0.43967199325561523, 0.7324255704879761, -0.27312976121902466], [-0.7594128251075745, -0.6304968595504761, -0.16051717102527618, 0.14993800222873688], [0.39121708273887634, -0.6396577954292297, 0.6616547107696533, 0.7226858139038086], [0.0, 0.0, 0.0, 1.0]], [[-0.4057857394218445, 0.9136548042297363, 0.023924563080072403, -0.12607330083847046], [-0.6755486726760864, -0.31746020913124084, 0.6654718518257141, 0.01763257384300232], [0.6156067848205566, 0.25387677550315857, 0.7460392713546753, 0.7004181146621704], [0.0, 0.0, 0.0, 1.0]], [[-0.5468479990959167, 0.8360124230384827, 0.0451735183596611, -0.1969723105430603], [-0.4753231704235077, -0.35442790389060974, 0.8052631616592407, 0.030941367149353027], [0.6892207860946655, 0.4188845455646515, 0.591194212436676, 0.7026655673980713], [0.0, 0.0, 0.0, 1.0]], [[-0.4882981479167938, 0.8720830678939819, 0.032184891402721405, -0.21592596173286438], [-0.5096283555030823, -0.3149022161960602, 0.800696849822998, 0.04229538142681122], [0.708409309387207, 0.3745764493942261, 0.598204493522644, 0.6954361796379089], [0.0, 0.0, 0.0, 1.0]], [[-0.45830148458480835, 0.5538349151611328, -0.6951449513435364, -0.017088785767555237], [-0.8636678457260132, -0.0928429514169693, 0.4954371750354767, 0.026158511638641357], [0.20985105633735657, 0.8274339437484741, 0.5208795070648193, 0.7592249512672424], [0.0, 0.0, 0.0, 1.0]], [[-0.6074268817901611, 0.7934979796409607, -0.03732895478606224, -0.11367729306221008], [-0.7364005446434021, -0.5448509454727173, 0.40106314420700073, 0.0442778617143631], [0.2979041039943695, 0.2711055874824524, 0.9152894616127014, 0.6935006976127625], [0.0, 0.0, 0.0, 1.0]], [[-0.5766587853431702, 0.1825024038553238, -0.7963400483131409, -0.008929625153541565], [-0.814768373966217, -0.056711673736572266, 0.5770062804222107, 0.027796506881713867], [0.06014327332377434, 0.981568455696106, 0.18140046298503876, 0.8436015248298645], [0.0, 0.0, 0.0, 1.0]], [[-0.4993029534816742, 0.8664155602455139, 0.004554213955998421, -0.16896480321884155], [-0.7257860898971558, -0.42111948132514954, 0.543960452079773, 0.05441814661026001], [0.47321370244026184, 0.26829567551612854, 0.8390985131263733, 0.6845754384994507], [0.0, 0.0, 0.0, 1.0]], [[-0.409763365983963, 0.9105334281921387, -0.05497986823320389, -0.08942973613739014], [-0.7403602600097656, -0.296761155128479, 0.6031579375267029, 0.00731290876865387], [0.5328795909881592, 0.28785693645477295, 0.795724630355835, 0.68289715051651], [0.0, 0.0, 0.0, 1.0]], [[-0.558597981929779, 0.8029199242591858, -0.20805710554122925, -0.06886044144630432], [-0.735687255859375, -0.36377406120300293, 0.5713428854942322, 0.008699595928192139], [0.38305675983428955, 0.4722159504890442, 0.7939014434814453, 0.711714506149292], [0.0, 0.0, 0.0, 1.0]], [[-0.487982839345932, 0.8513476252555847, -0.19256193935871124, -0.09019920229911804], [-0.8219166398048401, -0.3739238381385803, 0.4296906888484955, 0.03243929147720337], [0.2938126027584076, 0.36795154213905334, 0.8822051286697388, 0.7056977152824402], [0.0, 0.0, 0.0, 1.0]], [[-0.4043791890144348, 0.5082728862762451, -0.760352611541748, -0.022608861327171326], [-0.8740295171737671, 0.03007637709379196, 0.4849410653114319, 0.032809823751449585], [0.26935112476348877, 0.8606706857681274, 0.4320831894874573, 0.7719973921775818], [0.0, 0.0, 0.0, 1.0]], [[-0.4027980864048004, 0.9142237305641174, -0.044143952429294586, -0.12730714678764343], [-0.8468166589736938, -0.3539280891418457, 0.39703458547592163, 0.05003094673156738], [0.34735462069511414, 0.19730660319328308, 0.9167414307594299, 0.6940380334854126], [0.0, 0.0, 0.0, 1.0]], [[-0.4923810064792633, 0.869052529335022, 0.048048269003629684, -0.18193666636943817], [-0.4494803249835968, -0.3011600077152252, 0.8409934639930725, 0.02067364752292633], [0.7453377842903137, 0.3924924433231354, 0.5389074683189392, 0.7115603089332581], [0.0, 0.0, 0.0, 1.0]], [[-0.42039477825164795, 0.8981391191482544, -0.12889686226844788, -0.09083659201860428], [-0.845798909664154, -0.33647850155830383, 0.4140125513076782, 0.027196526527404785], [0.3284699320793152, 0.28306955099105835, 0.9010988473892212, 0.6900882124900818], [0.0, 0.0, 0.0, 1.0]], [[-0.423540323972702, 0.5685239434242249, 0.7052617073059082, -0.2768031656742096], [-0.8031445741653442, -0.5957805514335632, -0.002053996780887246, 0.1326013207435608], [0.41901350021362305, -0.5672970414161682, 0.7089440226554871, 0.7065137624740601], [0.0, 0.0, 0.0, 1.0]], [[-0.47254008054733276, 0.26799625158309937, -0.8395735621452332, -0.010124489665031433], [-0.8615983128547668, 0.0598708875477314, 0.5040474534034729, 0.008442044258117676], [0.18534883856773376, 0.9615578055381775, 0.2026137113571167, 0.8065715432167053], [0.0, 0.0, 0.0, 1.0]], [[-0.5461333394050598, 0.835283637046814, 0.06355814635753632, -0.21762508153915405], [-0.6877227425575256, -0.49038636684417725, 0.535311758518219, 0.07275291532278061], [0.47830522060394287, 0.2486412227153778, 0.8422598242759705, 0.6742597818374634], [0.0, 0.0, 0.0, 1.0]], [[-0.6049479842185974, 0.793655276298523, 0.06441421806812286, -0.19894230365753174], [-0.688650369644165, -0.5620869398117065, 0.4580599069595337, 0.07066355645656586], [0.3997480273246765, 0.2327435314655304, 0.886584460735321, 0.6756483316421509], [0.0, 0.0, 0.0, 1.0]], [[-0.5638377070426941, 0.822409451007843, -0.0756954476237297, -0.10802176594734192], [-0.7790804505348206, -0.49922820925712585, 0.37921616435050964, 0.04641920328140259], [0.27408164739608765, 0.27278921008110046, 0.9222067594528198, 0.7034542560577393], [0.0, 0.0, 0.0, 1.0]], [[-0.6173913478851318, 0.6968941688537598, -0.3649195730686188, -0.05107584595680237], [-0.6868445873260498, -0.25139886140823364, 0.6819407343864441, 0.0015225112438201904], [0.3835000991821289, 0.6716673374176025, 0.6338695287704468, 0.7377429008483887], [0.0, 0.0, 0.0, 1.0]], [[-0.7046233415603638, 0.15120284259319305, -0.6932845711708069, -0.03548996150493622], [-0.7068095207214355, -0.06328434497117996, 0.7045674920082092, -0.0026688575744628906], [0.06265854090452194, 0.9864748120307922, 0.15146325528621674, 0.8924542665481567], [0.0, 0.0, 0.0, 1.0]], [[-0.6065792441368103, 0.7884986996650696, 0.10164407640695572, -0.20142176747322083], [-0.7596543431282043, -0.6125471591949463, 0.21842917799949646, 0.09407588839530945], [0.23449289798736572, 0.055280234664678574, 0.9705448150634766, 0.6747000217437744], [0.0, 0.0, 0.0, 1.0]], [[-0.46703580021858215, 0.8086746335029602, -0.3576630651950836, -0.05454065650701523], [-0.8303025364875793, -0.2619645595550537, 0.4919067323207855, 0.02667251229286194], [0.3040975332260132, 0.5267066359519958, 0.7937914133071899, 0.7219418287277222], [0.0, 0.0, 0.0, 1.0]], [[-0.46623799204826355, 0.8842742443084717, -0.026096424087882042, -0.21503505110740662], [-0.7468546628952026, -0.37762922048568726, 0.5473611950874329, 0.06920129060745239], [0.47416266798973083, 0.2746908366680145, 0.8364894390106201, 0.6707494258880615], [0.0, 0.0, 0.0, 1.0]], [[-0.43438148498535156, 0.8990271687507629, 0.055343590676784515, -0.2169109284877777], [-0.3434533476829529, -0.22212032973766327, 0.9125252366065979, 0.027475789189338684], [0.832677960395813, 0.37737610936164856, 0.4052588641643524, 0.7125952243804932], [0.0, 0.0, 0.0, 1.0]]], "5.0": [[[0.9906401038169861, -0.13194739818572998, -0.0349593460559845, 0.3955889940261841], [0.12917174398899078, 0.8233991265296936, 0.5525653958320618, 0.11293944716453552], [-0.044124070554971695, -0.5519092082977295, 0.8327360153198242, 0.7546322345733643], [0.0, 0.0, 0.0, 1.0]], [[0.8918907642364502, 0.4367033839225769, 0.1175626590847969, 0.4385697841644287], [-0.34549176692962646, 0.4901830554008484, 0.8002224564552307, 0.1777784526348114], [0.2918326258659363, -0.7543279528617859, 0.5880671739578247, 0.6807734966278076], [0.0, 0.0, 0.0, 1.0]], [[0.9948834776878357, -0.07052536308765411, -0.0723404660820961, 0.41800519824028015], [0.09879762679338455, 0.5294764041900635, 0.8425518870353699, 0.08522268384695053], [-0.021118706092238426, -0.8453880548477173, 0.5337350368499756, 0.8366860151290894], [0.0, 0.0, 0.0, 1.0]], [[0.998913049697876, 0.038585323840379715, -0.026155643165111542, 0.3906289339065552], [-0.0060989465564489365, 0.6644604206085205, 0.7472987174987793, 0.11896980553865433], [0.046214163303375244, -0.7463269233703613, 0.6639733910560608, 0.7398040890693665], [0.0, 0.0, 0.0, 1.0]], [[-0.9107726216316223, 0.236360102891922, 0.33856624364852905, 0.3801129162311554], [0.1335691511631012, -0.6072203516960144, 0.7832257747650146, 0.07465014606714249], [0.39070767164230347, 0.7585625648498535, 0.5214692950248718, 0.9015119075775146], [0.0, 0.0, 0.0, 1.0]], [[0.9915527105331421, 0.10406702011823654, 0.07741742581129074, 0.38601356744766235], [-0.11835622787475586, 0.4817858934402466, 0.8682593107223511, 0.10711706429719925], [0.05305853113532066, -0.870087742805481, 0.49003300070762634, 0.8136467337608337], [0.0, 0.0, 0.0, 1.0]], [[-0.579973578453064, 0.8057189583778381, 0.12019884586334229, 0.42831891775131226], [-0.3187175393104553, -0.36021295189857483, 0.8767358660697937, 0.038766905665397644], [0.7496998906135559, 0.4701741635799408, 0.46571069955825806, 0.9532904028892517], [0.0, 0.0, 0.0, 1.0]], [[-0.9486169815063477, -0.12102679908275604, 0.2923668920993805, 0.3791961669921875], [0.24575574696063995, -0.863817036151886, 0.43980032205581665, 0.1727539449930191], [0.1993238925933838, 0.4890528917312622, 0.8491744995117188, 0.7067582607269287], [0.0, 0.0, 0.0, 1.0]], [[0.11000978201627731, 0.9802641272544861, 0.1642557829618454, 0.4667568802833557], [-0.6861168742179871, -0.04467121884226799, 0.7261185050010681, 0.19017520546913147], [0.7191254496574402, -0.19257880747318268, 0.6676614880561829, 0.6703920364379883], [0.0, 0.0, 0.0, 1.0]], [[0.9922536015510559, -0.07876523584127426, -0.09606729447841644, 0.41704902052879333], [0.12399851530790329, 0.580851674079895, 0.8045096397399902, 0.05219155550003052], [-0.007566547021269798, -0.8101898431777954, 0.5861188769340515, 0.8973802924156189], [0.0, 0.0, 0.0, 1.0]], [[-0.17884036898612976, 0.9755234122276306, 0.12794585525989532, 0.5830923318862915], [-0.6634531021118164, -0.21560026705265045, 0.7164819836616516, 0.03520846366882324], [0.726530134677887, 0.04324983060359955, 0.6857721209526062, 0.9394200444221497], [0.0, 0.0, 0.0, 1.0]], [[0.9930824637413025, 0.10841137915849686, 0.04510204493999481, 0.3889746069908142], [-0.10681657493114471, 0.6746025681495667, 0.7304118871688843, 0.12560230493545532], [0.048759009689092636, -0.7301769256591797, 0.6815161108970642, 0.7660154700279236], [0.0, 0.0, 0.0, 1.0]], [[0.36780738830566406, 0.9273438453674316, 0.0689275935292244, 0.4613454341888428], [-0.7505484223365784, 0.25228944420814514, 0.610759437084198, 0.19861209392547607], [0.5489943027496338, -0.27637532353401184, 0.7888104319572449, 0.6805273294448853], [0.0, 0.0, 0.0, 1.0]], [[0.9310086369514465, -0.36302316188812256, -0.037909526377916336, 0.4098970592021942], [0.3387773633003235, 0.8208009004592896, 0.45990851521492004, 0.16144989430904388], [-0.1358412802219391, -0.4410216808319092, 0.8871567249298096, 0.7054586410522461], [0.0, 0.0, 0.0, 1.0]], [[-0.9475571513175964, 0.11409230530261993, 0.2985270321369171, 0.3653511703014374], [0.2205178290605545, -0.4426893889904022, 0.8691363334655762, 0.08430875092744827], [0.23131652176380157, 0.8893868923187256, 0.39431411027908325, 0.820525050163269], [0.0, 0.0, 0.0, 1.0]], [[-0.9474936127662659, 0.043616995215415955, 0.3167858421802521, 0.383404940366745], [0.2329316884279251, -0.5845825672149658, 0.7771782279014587, 0.099118173122406], [0.21908564865589142, 0.8101608753204346, 0.5437285304069519, 0.8518242835998535], [0.0, 0.0, 0.0, 1.0]], [[0.9811094403266907, -0.19290094077