{"pred_grasps_cam": {"1.0": [[[0.9735208749771118, -0.07236482203006744, -0.21684181690216064, -0.3246552348136902], [0.15405815839767456, 0.9084928035736084, 0.388467013835907, -0.056101955473423004], [0.1688879132270813, -0.4115869998931885, 0.8955851793289185, 1.1470861434936523], [0.0, 0.0, 0.0, 1.0]], [[0.9680854082107544, 0.03686869144439697, -0.2478935867547989, -0.3387715220451355], [0.1310179978609085, 0.7687450051307678, 0.6259914040565491, -0.16161465644836426], [0.21364644169807434, -0.6384916305541992, 0.739380419254303, 1.3153669834136963], [0.0, 0.0, 0.0, 1.0]], [[-0.9684462547302246, -0.2388148009777069, -0.07126949727535248, -0.3368622660636902], [0.2089734971523285, -0.9339557886123657, 0.2899254858493805, -0.045902252197265625], [-0.1358010321855545, 0.26588380336761475, 0.9543919563293457, 1.157888412475586], [0.0, 0.0, 0.0, 1.0]], [[-0.996393084526062, -0.08327934145927429, 0.016289912164211273, -0.3680136799812317], [0.06550798565149307, -0.6328606605529785, 0.7714895009994507, -0.17509695887565613], [-0.053939905017614365, 0.7697739005088806, 0.6360334753990173, 1.3444842100143433], [0.0, 0.0, 0.0, 1.0]], [[0.9752678275108337, 0.13068854808807373, -0.17825031280517578, -0.34595370292663574], [0.010624531656503677, 0.7778146266937256, 0.6284040808677673, -0.13280898332595825], [0.22077088057994843, -0.6147561073303223, 0.7571890950202942, 1.2976528406143188], [0.0, 0.0, 0.0, 1.0]], [[0.9947625994682312, 0.008290180005133152, -0.1018754243850708, -0.34709256887435913], [0.021466655656695366, 0.957530677318573, 0.2875308394432068, -0.039212003350257874], [0.09993254393339157, -0.288211852312088, 0.9523378014564514, 1.167108416557312], [0.0, 0.0, 0.0, 1.0]], [[-0.982246994972229, -0.1828261911869049, -0.04201798886060715, -0.3585798740386963], [0.13011261820793152, -0.8253208994865417, 0.5494689345359802, -0.15366330742835999], [-0.13513559103012085, 0.5342471599578857, 0.8344569206237793, 1.2918384075164795], [0.0, 0.0, 0.0, 1.0]], [[-0.9889078736305237, -0.136368989944458, 0.05886175110936165, -0.36145707964897156], [0.14383623003959656, -0.7804062962532043, 0.608504056930542, -0.1150820180773735], [-0.03704506903886795, 0.6102209091186523, 0.7913647294044495, 1.2235107421875], [0.0, 0.0, 0.0, 1.0]], [[-0.9975286722183228, -0.07003241777420044, 0.005643811076879501, -0.3566616177558899], [0.043843094259500504, -0.5576944947242737, 0.8288875818252563, -0.12176772207021713], [-0.054901495575904846, 0.8270865678787231, 0.5593867897987366, 1.2221781015396118], [0.0, 0.0, 0.0, 1.0]], [[0.7883976101875305, -0.5504249334335327, -0.27470263838768005, -0.3151910901069641], [0.5901479721069336, 0.550683319568634, 0.5903162360191345, -0.1258973777294159], [-0.1736505627632141, -0.6275191307067871, 0.7589896321296692, 1.2731062173843384], [0.0, 0.0, 0.0, 1.0]], [[-0.9968489408493042, -0.011038455180823803, -0.07855132222175598, -0.3360220789909363], [-0.03771013766527176, -0.8052631616592407, 0.5917171239852905, -0.05948159843683243], [-0.06978614628314972, 0.5928147435188293, 0.802309513092041, 1.1567938327789307], [0.0, 0.0, 0.0, 1.0]], [[0.9730733036994934, -0.0482456274330616, -0.22538962960243225, -0.3373583257198334], [0.17298512160778046, 0.7990970611572266, 0.575777530670166, -0.10567880421876907], [0.1523294448852539, -0.5992628335952759, 0.7859259843826294, 1.233458161354065], [0.0, 0.0, 0.0, 1.0]], [[0.9675294756889343, 0.011791238561272621, -0.2524830102920532, -0.32984283566474915], [0.1561001092195511, 0.7577713131904602, 0.6335734724998474, -0.16391706466674805], [0.19879499077796936, -0.6524136066436768, 0.7313255071640015, 1.292144775390625], [0.0, 0.0, 0.0, 1.0]], [[-0.9982366561889648, -0.05745067074894905, -0.014933236874639988, -0.35894250869750977], [0.03217458352446556, -0.7350807785987854, 0.6772158145904541, -0.11021069437265396], [-0.049883633852005005, 0.6755411624908447, 0.7356330156326294, 1.2438457012176514], [0.0, 0.0, 0.0, 1.0]], [[0.951221764087677, 0.27607858180999756, -0.1376875340938568, -0.34132134914398193], [0.012517904862761497, 0.4113944470882416, 0.9113715291023254, -0.17670798301696777], [0.3082540035247803, -0.8686400055885315, 0.3878713846206665, 1.3051795959472656], [0.0, 0.0, 0.0, 1.0]], [[0.9655622243881226, 0.09654347598552704, -0.24159666895866394, -0.33664262294769287], [0.10360133647918701, 0.7091303467750549, 0.6974244713783264, -0.13775327801704407], [0.23865532875061035, -0.698436439037323, 0.6747074127197266, 1.2865532636642456], [0.0, 0.0, 0.0, 1.0]], [[0.9470580816268921, 0.2886069715023041, -0.14066611230373383, -0.33593836426734924], [-0.20274226367473602, 0.8773106336593628, 0.43499621748924255, -0.04894613102078438], [0.2489508092403412, -0.38344770669937134, 0.8893769979476929, 1.1544883251190186], [0.0, 0.0, 0.0, 1.0]], [[0.9192348718643188, 0.3731862008571625, -0.1254565566778183, -0.326595276594162], [-0.1720358282327652, 0.6673531532287598, 0.72459876537323, -0.08170243352651596], [0.35413414239883423, -0.6444934606552124, 0.6776556372642517, 1.167040467262268], [0.0, 0.0, 0.0, 1.0]], [[0.9890726208686829, 0.13977105915546417, -0.0468975305557251, -0.3673264980316162], [-0.011750257574021816, 0.3918258845806122, 0.9199643731117249, -0.1839032769203186], [0.14696004986763, -0.9093605279922485, 0.3891866207122803, 1.374384880065918], [0.0, 0.0, 0.0, 1.0]], [[-0.9990960955619812, 0.0047635361552238464, 0.04223964735865593, -0.3626364469528198], [0.037892065942287445, -0.35051077604293823, 0.9357918500900269, -0.18380719423294067], [0.019263120368123055, 0.9365465641021729, 0.35001349449157715, 1.313076376914978], [0.0, 0.0, 0.0, 1.0]], [[0.8285749554634094, 0.5579872131347656, 0.04597727581858635, -0.327498197555542], [-0.36024853587150574, 0.46847566962242126, 0.8066918253898621, -0.08866757154464722], [0.42858442664146423, -0.6849678754806519, 0.5891812443733215, 1.1663347482681274], [0.0, 0.0, 0.0, 1.0]], [[-0.9720881581306458, -0.2259264886379242, -0.0632610097527504, -0.33606263995170593], [0.1925305724143982, -0.9222592115402222, 0.33521634340286255, -0.051974523812532425], [-0.134077250957489, 0.31368017196655273, 0.9400148987770081, 1.1424058675765991], [0.0, 0.0, 0.0, 1.0]], [[-0.9995808601379395, 0.00873951893299818, -0.02759767509996891, -0.3563278615474701], [-0.02768804505467415, -0.5668780207633972, 0.8233363628387451, -0.12580546736717224], [-0.00844897422939539, 0.8237553834915161, 0.5668824315071106, 1.2392332553863525], [0.0, 0.0, 0.0, 1.0]], [[0.9437893033027649, -0.06570649892091751, -0.32395124435424805, -0.320526123046875], [0.22477729618549347, 0.8461422920227051, 0.4832374155521393, -0.09746347367763519], [0.24235700070858002, -0.5288912057876587, 0.8133493661880493, 1.2172317504882812], [0.0, 0.0, 0.0, 1.0]], [[-0.991685152053833, -0.0624280646443367, -0.11253104358911514, -0.3406298756599426], [0.04926469177007675, -0.9920055866241455, 0.11618056893348694, -0.009710806421935558], [-0.11888437718153, 0.1096707358956337, 0.9868327379226685, 1.152891993522644], [0.0, 0.0, 0.0, 1.0]], [[0.9850746989250183, 0.04058612138032913, -0.16727390885353088, -0.32401710748672485], [0.03857973963022232, 0.8950188159942627, 0.4443565905094147, -0.0628463551402092], [0.16774803400039673, -0.4441778361797333, 0.8800946474075317, 1.1346629858016968], [0.0, 0.0, 0.0, 1.0]], [[-0.9948225617408752, -0.10143183916807175, -0.006281682755798101, -0.3624367117881775], [0.05138060450553894, -0.5553349256515503, 0.8300379514694214, -0.17547616362571716], [-0.08768074214458466, 0.825417697429657, 0.5576714277267456, 1.3331177234649658], [0.0, 0.0, 0.0, 1.0]], [[0.9689025282859802, 0.13374553620815277, -0.20818251371383667, -0.3277912735939026], [0.015214375220239162, 0.8075441718101501, 0.5896108746528625, -0.0761251226067543], [0.2469743937253952, -0.5744428634643555, 0.7803967595100403, 1.1577785015106201], [0.0, 0.0, 0.0, 1.0]], [[0.9092523455619812, 0.39843636751174927, -0.12045168876647949, -0.32062801718711853], [-0.1757085621356964, 0.6297292709350586, 0.7566819190979004, -0.09171581268310547], [0.3773415684700012, -0.6668503880500793, 0.6425915360450745, 1.1618043184280396], [0.0, 0.0, 0.0, 1.0]], [[0.959442675113678, 0.23152703046798706, -0.16082586348056793, -0.3292202651500702], [-0.1118963211774826, 0.8364088535308838, 0.5365626215934753, -0.0555778406560421], [0.2587449252605438, -0.49680525064468384, 0.8283933997154236, 1.1549136638641357], [0.0, 0.0, 0.0, 1.0]], [[0.9618664383888245, -0.08594806492328644, -0.25966498255729675, -0.34024226665496826], [0.23637282848358154, 0.7388781905174255, 0.6310205459594727, -0.12051419168710709], [0.1376257836818695, -0.6683352589607239, 0.7310178875923157, 1.2758727073669434], [0.0, 0.0, 0.0, 1.0]], [[0.9328049421310425, 0.20137034356594086, -0.2988727390766144, -0.3265608847141266], [0.09279124438762665, 0.6671562194824219, 0.7391159534454346, -0.16848096251487732], [0.34823083877563477, -0.7171838283538818, 0.6036412119865417, 1.2894247770309448], [0.0, 0.0, 0.0, 1.0]], [[-0.9928808808326721, -0.1188090443611145, 0.008483088575303555, -0.36040621995925903], [0.08214949071407318, -0.6314659714698792, 0.771039605140686, -0.17025330662727356], [-0.08624971657991409, 0.7662473917007446, 0.6367306113243103, 1.2989630699157715], [0.0, 0.0, 0.0, 1.0]], [[-0.9886945486068726, -0.1490221470594406, -0.016597123816609383, -0.36458826065063477], [0.11788937449455261, -0.8409588932991028, 0.5281004309654236, -0.15407931804656982], [-0.09265615046024323, 0.5201733708381653, 0.8490196466445923, 1.30392324924469], [0.0, 0.0, 0.0, 1.0]], [[-0.994661808013916, -0.08360553532838821, -0.06048043072223663, -0.3393439054489136], [0.049788493663072586, -0.902226984500885, 0.4283774495124817, -0.0517144650220871], [-0.09038186818361282, 0.4230794608592987, 0.9015734195709229, 1.1468026638031006], [0.0, 0.0, 0.0, 1.0]], [[0.9980984330177307, 0.06022755801677704, -0.013125913217663765, -0.3359185457229614], [-0.03205713629722595, 0.6890444159507751, 0.7240098118782043, -0.14032408595085144], [0.05264967307448387, -0.7222122550010681, 0.6896647810935974, 1.2704205513000488], [0.0, 0.0, 0.0, 1.0]], [[0.9513179063796997, -0.0891258642077446, -0.29504361748695374, -0.3236403167247772], [0.22901152074337006, 0.845065176486969, 0.48313406109809875, -0.10376668721437454], [0.20627133548259735, -0.5271824598312378, 0.824336588382721, 1.2314506769180298], [0.0, 0.0, 0.0, 1.0]], [[0.9587651491165161, 0.17689554393291473, -0.22243504226207733, -0.3352036476135254], [0.020057152956724167, 0.7386040687561035, 0.6738410592079163, -0.1482183337211609], [0.2834908962249756, -0.6505167484283447, 0.7045997977256775, 1.282085657119751], [0.0, 0.0, 0.0, 1.0]], [[0.9808728694915771, 0.021884076297283173, -0.19341503083705902, -0.3321686089038849], [0.11368504911661148, 0.7421623468399048, 0.6605077385902405, -0.10738331824541092], [0.15799997746944427, -0.6698625087738037, 0.7254791259765625, 1.2108097076416016], [0.0, 0.0, 0.0, 1.0]], [[-0.998182475566864, 0.00429558428004384, 0.0601106695830822, -0.3600088655948639], [0.052621617913246155, -0.42402130365371704, 0.9041221737861633, -0.14086434245109558], [0.029371941462159157, 0.905642032623291, 0.42302459478378296, 1.238667607307434], [0.0, 0.0, 0.0, 1.0]], [[0.9643102884292603, -0.06817799806594849, -0.25584641098976135, -0.33406445384025574], [0.20585830509662628, 0.8007479310035706, 0.5625166893005371, -0.10984692722558975], [0.1665172427892685, -0.5951087474822998, 0.7862045168876648, 1.242682933807373], [0.0, 0.0, 0.0, 1.0]], [[-0.9951801896095276, -0.09604950249195099, -0.019770774990320206, -0.3522321879863739], [0.0502280667424202, -0.6724231243133545, 0.7384606599807739, -0.10256355255842209], [-0.08422310650348663, 0.7339083552360535, 0.6740065813064575, 1.2138022184371948], [0.0, 0.0, 0.0, 1.0]], [[0.9645102620124817, 0.25867074728012085, -0.05300403758883476, -0.3412952423095703], [-0.0911024808883667, 0.5144188404083252, 0.8526862263679504, -0.09679955989122391], [0.24783121049404144, -0.8175957798957825, 0.5197277665138245, 1.1676900386810303], [0.0, 0.0, 0.0, 1.0]], [[0.816260039806366, 0.576882004737854, 0.03043983317911625, -0.33195117115974426], [-0.3870469629764557, 0.5070148706436157, 0.7701496481895447, -0.07977447658777237], [0.42885202169418335, -0.6404240131378174, 0.6371365189552307, 1.1683788299560547], [0.0, 0.0, 0.0, 1.0]], [[-0.9997880458831787, -0.0035268666688352823, 0.020281778648495674, -0.35817950963974], [0.01721355691552162, -0.6835818290710449, 0.7296708226203918, -0.11706041544675827], [0.011290790513157845, 0.7298652529716492, 0.6834977269172668, 1.2375280857086182], [0.0, 0.0, 0.0, 1.0]], [[-0.9994122385978699, -0.027377374470233917, -0.020631853491067886, -0.3566737473011017], [0.004961879923939705, -0.7110299468040466, 0.7031443119049072, -0.10606566816568375], [-0.033920105546712875, 0.7026286125183105, 0.7107478380203247, 1.2389023303985596], [0.0, 0.0, 0.0, 1.0]], [[-0.9809483289718628, -0.19263434410095215, -0.0251460000872612, -0.32254475355148315], [0.1219438910484314, -0.7113304734230042, 0.6921984553337097, -0.09312594681978226], [-0.15122829377651215, 0.6759445071220398, 0.7212690711021423, 1.1491204500198364], [0.0, 0.0, 0.0, 1.0]], [[0.9724212884902954, 0.10398273915052414, -0.2087690234184265, -0.3352470099925995], [-0.006607529241591692, 0.9070382118225098, 0.42099645733833313, -0.050796374678611755], [0.233137845993042, -0.4080064594745636, 0.8827102780342102, 1.1548950672149658], [0.0, 0.0, 0.0, 1.0]], [[-0.9985929131507874, 0.018530717119574547, -0.04968670383095741, -0.3588511347770691], [-0.05282922089099884, -0.4290418326854706, 0.9017384052276611, -0.17593815922737122], [-0.004607826471328735, 0.9030945301055908, 0.42941710352897644, 1.3095341920852661], [0.0, 0.0, 0.0, 1.0]], [[0.9676752686500549, 0.2485729455947876, -0.04261400178074837, -0.3163534998893738], [-0.07935619354248047, 0.46049439907073975, 0.8841083645820618, -0.09724443405866623], [0.23938891291618347, -0.8521481156349182, 0.4653348922729492, 1.169359803199768], [0.0, 0.0, 0.0, 1.0]], [[-0.9379497766494751, -0.3428581953048706, -0.05194801837205887, -0.3440966308116913], [0.2861846089363098, -0.8499370813369751, 0.44238612055778503, -0.06858491152524948], [-0.19582822918891907, 0.4000692665576935, 0.8953189253807068, 1.1639236211776733], [0.0, 0.0, 0.0, 1.0]], [[-0.9957647323608398, -0.09187779575586319, 0.003330111736431718, -0.355629563331604], [0.0824785828590393, -0.8767211437225342, 0.4738748073577881, -0.09713511914014816], [-0.040618982166051865, 0.4721424877643585, 0.8805859088897705, 1.2302213907241821], [0.0, 0.0, 0.0, 1.0]], [[-0.9999220967292786, -0.0012305438285693526, -0.01242030318826437, -0.35700488090515137], [-0.009871073067188263, -0.5310212969779968, 0.8473010063171387, -0.1194811463356018], [-0.007638094946742058, 0.8473576307296753, 0.5309677720069885, 1.2449613809585571], [0.0, 0.0, 0.0, 1.0]], [[0.9455243945121765, 0.2563740015029907, -0.20063920319080353, -0.3208077847957611], [-0.0481807142496109, 0.7197186946868896, 0.6925920248031616, -0.08575090765953064], [0.32196635007858276, -0.645195722579956, 0.6928638219833374, 1.1632763147354126], [0.0, 0.0, 0.0, 1.0]], [[0.9955280423164368, 0.07964687794446945, -0.050797343254089355, -0.33647578954696655], [0.006552551407366991, 0.4782111346721649, 0.8782204985618591, -0.17922312021255493], [0.09423936903476715, -0.8746259808540344, 0.47555068135261536, 1.363138198852539], [0.0, 0.0, 0.0, 1.0]], [[-0.9954128265380859, -0.026140129193663597, -0.09203194826841354, -0.3374585807323456], [-0.026863064616918564, -0.8468872308731079, 0.5310934782028198, -0.044959597289562225], [-0.09182356297969818, 0.5311295390129089, 0.842300295829773, 1.1529000997543335], [0.0, 0.0, 0.0, 1.0]], [[-0.9990580677986145, -0.03665979579091072, 0.023212676867842674, -0.3596264719963074], [0.040238577872514725, -0.5825793743133545, 0.8117769956588745, -0.13469332456588745], [-0.01623641699552536, 0.8119463920593262, 0.5835058689117432, 1.2353752851486206], [0.0, 0.0, 0.0, 1.0]], [[0.8774454593658447, 0.47295159101486206, -0.08003930002450943, -0.3266166150569916], [-0.2462773323059082, 0.5873749852180481, 0.7709333300590515, -0.08555419743061066], [0.4116272032260895, -0.6567400693893433, 0.6318667531013489, 1.1641175746917725], [0.0, 0.0, 0.0, 1.0]]], "2.0": [[[0.9892280101776123, 0.14459434151649475, -0.022814657539129257, -0.1638236790895462], [-0.06736423820257187, 0.5880426168441772, 0.8060197234153748, 0.07032859325408936], [0.12996189296245575, -0.7958003878593445, 0.5914486646652222, 0.8232321739196777], [0.0, 0.0, 0.0, 1.0]], [[-0.9978266358375549, -0.05091547593474388, 0.04182864725589752, -0.16423112154006958], [0.064781554043293, -0.6418396234512329, 0.7640975713729858, 0.07512161135673523], [-0.012057104147970676, 0.7651466727256775, 0.6437430381774902, 0.7500298619270325], [0.0, 0.0, 0.0, 1.0]], [[0.9868097305297852, 0.08250773698091507, -0.13928046822547913, -0.13629554212093353], [-0.07552540302276611, 0.9956423044204712, 0.05470249801874161, 0.17828837037086487], [0.14318692684173584, -0.043461743742227554, 0.9887409210205078, 0.7280299067497253], [0.0, 0.0, 0.0, 1.0]], [[-0.9518639445304871, 0.2827107012271881, 0.1184469610452652, -0.17292332649230957], [-0.2848024070262909, -0.9585859179496765, -0.0007650905172340572, 0.20105841755867004], [0.11332529038190842, -0.03446224331855774, 0.9929600358009338, 0.7451541423797607], [0.0, 0.0, 0.0, 1.0]], [[0.9622102379798889, 0.25663086771965027, 0.09106090664863586, -0.17558543384075165], [-0.1332152634859085, 0.15196537971496582, 0.9793672561645508, 0.05056488513946533], [0.23749776184558868, -0.9544878602027893, 0.18040978908538818, 0.7808173298835754], [0.0, 0.0, 0.0, 1.0]], [[0.9988888502120972, -0.0031585711985826492, -0.047023940831422806, -0.15172897279262543], [0.0059853303246200085, 0.9981748461723328, 0.06009434908628464, 0.20359700918197632], [0.04674829542636871, -0.0603090301156044, 0.9970844388008118, 0.7572941780090332], [0.0, 0.0, 0.0, 1.0]], [[0.9814422726631165, 0.1917571723461151, -0.0005748781841248274, -0.1583816111087799], [-0.11954082548618317, 0.6141666173934937, 0.7800700664520264, 0.07534490525722504], [0.14993710815906525, -0.7655250430107117, 0.625691831111908, 0.7877702713012695], [0.0, 0.0, 0.0, 1.0]], [[-0.7917600870132446, -0.6108295321464539, 0.0017829274293035269, -0.1671055257320404], [0.5668084025382996, -0.7336053252220154, 0.37490180134773254, 0.11377695202827454], [-0.22769314050674438, 0.2978428602218628, 0.9270627498626709, 0.7494539618492126], [0.0, 0.0, 0.0, 1.0]], [[-0.9917370676994324, 0.12637992203235626, 0.022041890770196915, -0.1623181849718094], [-0.12542074918746948, -0.991276204586029, 0.04051344469189644, 0.17016327381134033], [0.02696969546377659, 0.037414174526929855, 0.998935878276825, 0.7346206307411194], [0.0, 0.0, 0.0, 1.0]], [[0.983969509601593, 0.13899999856948853, -0.11172691732645035, -0.13767340779304504], [-0.049043044447898865, 0.813247561454773, 0.5798473954200745, 0.09164062142372131], [0.17146044969558716, -0.5650727152824402, 0.8070278763771057, 0.7446613311767578], [0.0, 0.0, 0.0, 1.0]], [[-0.9846451878547668, -0.17323856055736542, 0.021502619609236717, -0.16391412913799286], [0.14670094847679138, -0.754396915435791, 0.639815628528595, 0.09155187010765076], [-0.09461924433708191, 0.633145809173584, 0.7682274580001831, 0.7793706059455872], [0.0, 0.0, 0.0, 1.0]], [[0.9164175987243652, -0.38678786158561707, -0.10282955318689346, -0.14559218287467957], [0.396419882774353, 0.8418991565704346, 0.36613813042640686, 0.11111730337142944], [-0.05504566803574562, -0.376299113035202, 0.9248616099357605, 0.7617294788360596], [0.0, 0.0, 0.0, 1.0]], [[0.9927731156349182, -0.02283482439815998, -0.1178138479590416, -0.1372814178466797], [0.00271663349121809, 0.9857546091079712, -0.1681680977344513, 0.22289519011974335], [0.11997564136981964, 0.16663269698619843, 0.9786927103996277, 0.7403774261474609], [0.0, 0.0, 0.0, 1.0]], [[-0.9691283106803894, 0.2189481258392334, 0.11336654424667358, -0.16918134689331055], [-0.2069758176803589, -0.9723116159439087, 0.10849469900131226, 0.21132610738277435], [0.133982315659523, 0.08168114721775055, 0.9876117706298828, 0.7584046721458435], [0.0, 0.0, 0.0, 1.0]], [[0.9984073638916016, 0.025220202282071114, -0.050465308129787445, -0.14549735188484192], [-0.02132423035800457, 0.996856689453125, 0.07630305737257004, 0.21913065016269684], [0.05223105102777481, -0.07510539889335632, 0.9958068132400513, 0.7475895881652832], [0.0, 0.0, 0.0, 1.0]], [[-0.9839492440223694, -0.17812009155750275, 0.010812891647219658, -0.16623862087726593], [0.15481549501419067, -0.8219382166862488, 0.5481328368186951, 0.08662323653697968], [-0.08874595165252686, 0.5410088896751404, 0.8363214135169983, 0.7465280294418335], [0.0, 0.0, 0.0, 1.0]], [[0.9920900464057922, 0.09206344932317734, -0.08533269912004471, -0.14491704106330872], [-0.10045799612998962, 0.9899081587791443, -0.09995017200708389, 0.19115784764289856], [0.07526977360248566, 0.10773192346096039, 0.9913265109062195, 0.7460381984710693], [0.0, 0.0, 0.0, 1.0]], [[-0.9930920004844666, 0.11443926393985748, 0.025922900065779686, -0.1598663032054901], [-0.1166558787226677, -0.939121663570404, -0.32317474484443665, 0.22408276796340942], [-0.012639128603041172, -0.3239663243293762, 0.9459841847419739, 0.7567585110664368], [0.0, 0.0, 0.0, 1.0]], [[-0.9277510046958923, -0.3729923963546753, -0.012440292164683342, -0.16777443885803223], [0.3479551076889038, -0.8765652179718018, 0.3325066864490509, 0.11389926075935364], [-0.1349271833896637, 0.30415475368499756, 0.9430188536643982, 0.7709362506866455], [0.0, 0.0, 0.0, 1.0]], [[-0.9700852632522583, 0.24265196919441223, 0.007384561467915773, -0.16379006206989288], [-0.16686716675758362, -0.6885855197906494, 0.7056949138641357, 0.09366174787282944], [0.17632316052913666, 0.683351993560791, 0.7084773778915405, 0.7526967525482178], [0.0, 0.0, 0.0, 1.0]], [[0.9867717623710632, 0.15274302661418915, 0.05432312190532684, -0.1740783303976059], [-0.10623162239789963, 0.3561117649078369, 0.928385317325592, 0.06765983998775482], [0.122459277510643, -0.9218752980232239, 0.36762720346450806, 0.8601219654083252], [0.0, 0.0, 0.0, 1.0]], [[-0.9908763766288757, -0.13046686351299286, -0.03380216658115387, -0.15619824826717377], [0.11052227020263672, -0.9301320314407349, 0.35019925236701965, 0.1285334825515747], [-0.07712984085083008, 0.3432682752609253, 0.9360651969909668, 0.7416067123413086], [0.0, 0.0, 0.0, 1.0]], [[0.998098611831665, -0.0038253404200077057, -0.061518728733062744, -0.149399071931839], [0.013974289409816265, 0.9861268997192383, 0.16540412604808807, 0.15486431121826172], [0.060032524168491364, -0.16594929993152618, 0.9843053221702576, 0.7340112924575806], [0.0, 0.0, 0.0, 1.0]], [[0.9918584823608398, 0.1177605465054512, -0.04846947267651558, -0.15556015074253082], [-0.04095063731074333, 0.6553452610969543, 0.7542186379432678, 0.07279466092586517], [0.12058142572641373, -0.7460933327674866, 0.6548320651054382, 0.8003616333007812], [0.0, 0.0, 0.0, 1.0]], [[-0.9507261514663696, 0.25751441717147827, 0.17264452576637268, -0.1762034296989441], [-0.253349632024765, -0.9662744402885437, 0.04612647742033005, 0.1822185516357422], [0.17870023846626282, 0.00011422092939028516, 0.9839035272598267, 0.7392978668212891], [0.0, 0.0, 0.0, 1.0]], [[0.9642698764801025, 0.2339816391468048, 0.12424236536026001, -0.14221718907356262], [-0.20491239428520203, 0.3614926040172577, 0.9095790386199951, 0.06433950364589691], [0.167912095785141, -0.9025384783744812, 0.39652219414711, 0.7633349895477295], [0.0, 0.0, 0.0, 1.0]], [[0.9938026070594788, 0.03734062239527702, -0.10469942539930344, -0.1431974321603775], [0.039759114384651184, 0.7601720094680786, 0.6485041379928589, 0.0807955414056778], [0.10380512475967407, -0.6486478447914124, 0.7539763450622559, 0.763131320476532], [0.0, 0.0, 0.0, 1.0]], [[0.9948638677597046, 0.0737026035785675, -0.06938213109970093, -0.1428908109664917], [-0.011103423312306404, 0.7607673406600952, 0.6489298343658447, 0.0995241105556488], [0.10061146318912506, -0.6448264718055725, 0.757678210735321, 0.740653395652771], [0.0, 0.0, 0.0, 1.0]], [[0.9842672348022461, 0.1710449904203415, 0.04428960755467415, -0.16490815579891205], [-0.11857705563306808, 0.45363572239875793, 0.8832632899284363, 0.07236337661743164], [0.13098642230033875, -0.8746188282966614, 0.46678081154823303, 0.8221574425697327], [0.0, 0.0, 0.0, 1.0]], [[0.8280755877494812, 0.5418938994407654, -0.14367294311523438, -0.13034366071224213], [-0.46910497546195984, 0.810092031955719, 0.3516981601715088, 0.13717563450336456], [0.30697134137153625, -0.22383497655391693, 0.9250224828720093, 0.7294977307319641], [0.0, 0.0, 0.0, 1.0]], [[0.9943021535873413, 0.06093893572688103, -0.08746132254600525, -0.13720110058784485], [-0.022213459014892578, 0.9209191799163818, 0.38911986351013184, 0.10504527390003204], [0.10425738990306854, -0.3849599063396454, 0.9170257449150085, 0.7208713889122009], [0.0, 0.0, 0.0, 1.0]], [[0.5968632698059082, -0.8022633194923401, 0.01129897590726614, -0.149002805352211], [0.7817988991737366, 0.584689199924469, 0.21663090586662292, 0.13258066773414612], [-0.18040144443511963, -0.12046550214290619, 0.9761881828308105, 0.7476876974105835], [0.0, 0.0, 0.0, 1.0]], [[-0.9378194808959961, 0.3453724682331085, 0.034821294248104095, -0.1654280722141266], [-0.31417250633239746, -0.8871737718582153, 0.3379621207714081, 0.13951247930526733], [0.14761534333229065, 0.3060075640678406, 0.9405153393745422, 0.7327346801757812], [0.0, 0.0, 0.0, 1.0]], [[-0.998107373714447, -0.061033353209495544, 0.00752802612259984, -0.16239327192306519], [0.05068399757146835, -0.7471124529838562, 0.6627625823020935, 0.09261234104633331], [-0.034826330840587616, 0.6618897318840027, 0.7487918138504028, 0.7493990659713745], [0.0, 0.0, 0.0, 1.0]], [[0.9929417967796326, 0.05599060282111168, -0.10455410927534103, -0.14723938703536987], [0.028731802478432655, 0.7417359352111816, 0.6700764894485474, 0.07881982624530792], [0.11506950855255127, -0.6683509945869446, 0.734891951084137, 0.7794402241706848], [0.0, 0.0, 0.0, 1.0]], [[0.9940064549446106, 0.04915115237236023, -0.09764954447746277, -0.14079809188842773], [-0.06912381947040558, 0.974585771560669, -0.21308337152004242, 0.21689006686210632], [0.08469460904598236, 0.21855616569519043, 0.9721419811248779, 0.7483401298522949], [0.0, 0.0, 0.0, 1.0]], [[0.9491415023803711, 0.1638524830341339, -0.26885443925857544, -0.1155911535024643], [-0.2103695571422577, 0.9653630256652832, -0.15433399379253387, 0.21018561720848083], [0.23425409197807312, 0.20304358005523682, 0.9507357478141785, 0.7376726865768433], [0.0, 0.0, 0.0, 1.0]], [[-0.9952479004859924, -0.08087172359228134, -0.05423464626073837, -0.1542583853006363], [0.07313864678144455, -0.9885570406913757, 0.131930872797966, 0.15347786247730255], [-0.06428351253271103, 0.1273372769355774, 0.9897741675376892, 0.7554869651794434], [0.0, 0.0, 0.0, 1.0]], [[0.9937511086463928, 0.014734250493347645, -0.11064192652702332, -0.1367644965648651], [0.042804259806871414, 0.86515873670578, 0.4996681213378906, 0.09180425107479095], [0.10308506339788437, -0.5012816786766052, 0.8591217398643494, 0.7422378659248352], [0.0, 0.0, 0.0, 1.0]], [[0.9970089793205261, 0.059704843908548355, -0.04907529056072235, -0.1475386768579483], [-0.027063865214586258, 0.8644940853118896, 0.5019139051437378, 0.10749673843383789], [0.07239197939634323, -0.49908447265625, 0.8635242581367493, 0.744868278503418], [0.0, 0.0, 0.0, 1.0]], [[0.9770352840423584, -0.1861003190279007, -0.10377184301614761, -0.14112506806850433], [0.21131160855293274, 0.9088315367698669, 0.35968393087387085, 0.10806576907634735], [0.027373848482966423, -0.3733520805835724, 0.9272857308387756, 0.7519341707229614], [0.0, 0.0, 0.0, 1.0]], [[-0.9599145650863647, -0.263346791267395, 0.095981664955616, -0.16737711429595947], [0.2759176790714264, -0.8275361061096191, 0.48893076181411743, 0.09987743198871613], [-0.04933004826307297, 0.49581480026245117, 0.8670260310173035, 0.7356839776039124], [0.0, 0.0, 0.0, 1.0]], [[0.9925167560577393, 0.1120339035987854, -0.04856881499290466, -0.14175254106521606], [-0.051665086299180984, 0.7456871867179871, 0.6642901301383972, 0.10767335444688797], [0.11064015328884125, -0.6568098068237305, 0.745895266532898, 0.7431704998016357], [0.0, 0.0, 0.0, 1.0]], [[-0.9830052852630615, -0.18357659876346588, -0.0004394184215925634, -0.16403543949127197], [0.12150340527296066, -0.6524099111557007, 0.7480629086494446, 0.07459290325641632], [-0.13761353492736816, 0.735296368598938, 0.6636276245117188, 0.7987345457077026], [0.0, 0.0, 0.0, 1.0]], [[0.9847221374511719, 0.07151810079813004, -0.15876832604408264, -0.1365230232477188], [-0.10439660400152206, 0.9722069501876831, -0.20955847203731537, 0.2097547948360443], [0.1393684297800064, 0.22293174266815186, 0.9648200273513794, 0.7403895854949951], [0.0, 0.0, 0.0, 1.0]], [[0.9700416922569275, 0.21753650903701782, -0.10815254598855972, -0.1356530636548996], [-0.04553112015128136, 0.6000902652740479, 0.7986354827880859, 0.07214236259460449], [0.2386336475610733, -0.7697854042053223, 0.5920172929763794, 0.7518945932388306], [0.0, 0.0, 0.0, 1.0]], [[-0.936943769454956, 0.29601815342903137, 0.18576765060424805, -0.17906063795089722], [-0.2922462522983551, -0.9551370143890381, 0.048014748841524124, 0.2079101949930191], [0.1916467845439911, -0.009302780032157898, 0.9814198613166809, 0.7529918551445007], [0.0, 0.0, 0.0, 1.0]], [[-0.9884287118911743, 0.143795445561409, 0.0482867993414402, -0.1602233201265335], [-0.14774936437606812, -0.984745442867279, -0.09190523624420166, 0.2098461538553238], [0.03433464467525482, -0.09797611832618713, 0.9945963025093079, 0.7473179697990417], [0.0, 0.0, 0.0, 1.0]], [[-0.9158308506011963, 0.3621622622013092, 0.17347148060798645, -0.18044206500053406], [-0.34450122714042664, -0.930561363697052, 0.12399366497993469, 0.1790788769721985], [0.20633170008659363, 0.05379609018564224, 0.9770021438598633, 0.7399444580078125], [0.0, 0.0, 0.0, 1.0]], [[-0.9826104044914246, 0.16015368700027466, 0.093954898416996, -0.16444332897663116], [-0.16844269633293152, -0.981763482093811, -0.08813253790140152, 0.22460877895355225], [0.07812675088644028, -0.1024259626865387, 0.9916678071022034, 0.7600994110107422], [0.0, 0.0, 0.0, 1.0]], [[-0.8607842922210693, 0.5045432448387146, 0.0669807717204094, -0.17132151126861572], [-0.35072240233421326, -0.6833615303039551, 0.6403207182884216, 0.10365191847085953], [0.36884164810180664, 0.527686357498169, 0.7651815414428711, 0.7513335943222046], [0.0, 0.0, 0.0, 1.0]], [[-0.9992945790290833, -0.03637940064072609, -0.009327954612672329, -0.15639565885066986], [0.03299017623066902, -0.9689890742301941, 0.24489179253578186, 0.1471434235572815], [-0.01794769987463951, 0.24441131949424744, 0.9695055484771729, 0.7411471605300903], [0.0, 0.0, 0.0, 1.0]], [[0.9965095520019531, 0.060032546520233154, -0.0580073818564415, -0.15716083347797394], [-0.0038418362382799387, 0.7271167635917664, 0.6865031719207764, 0.07625509798526764], [0.08339065313339233, -0.6838840842247009, 0.7248094081878662, 0.7312203049659729], [0.0, 0.0, 0.0, 1.0]], [[0.8609486222267151, 0.49539703130722046, 0.11553823202848434, -0.1575508862733841], [-0.2662067711353302, 0.24522878229618073, 0.9321998953819275, 0.057312458753585815], [0.4334758222103119, -0.8333333134651184, 0.34300747513771057, 0.7777249813079834], [0.0, 0.0, 0.0, 1.0]], [[0.9305943250656128, 0.3657812178134918, -0.014076254330575466, -0.1438780426979065], [-0.15841355919837952, 0.4370953142642975, 0.8853546380996704, 0.0712365061044693], [0.32999876141548157, -0.8216761350631714, 0.46470320224761963, 0.771780788898468], [0.0, 0.0, 0.0, 1.0]], [[-0.9730613231658936, 0.20278535783290863, 0.10968134552240372, -0.16619619727134705], [-0.20243117213249207, -0.9791896939277649, 0.014472721144557, 0.20841743052005768], [0.11033369600772858, -0.008120077662169933, 0.9938614368438721, 0.7509599924087524], [0.0, 0.0, 0.0, 1.0]], [[0.9942827224731445, 0.07209165394306183, -0.07876960933208466, -0.1479514241218567], [-0.06970016658306122, 0.9970317482948303, 0.03270300477743149, 0.1745319813489914], [0.08089341968297958, -0.027025777846574783, 0.9963562488555908, 0.734386682510376], [0.0, 0.0, 0.0, 1.0]], [[-0.9948576092720032, 0.08869653195142746, 0.04890062287449837, -0.16259755194187164], [-0.09059648960828781, -0.995158314704895, -0.038108088076114655, 0.18886303901672363], [0.04528380557894707, -0.04234234616160393, 0.9980763792991638, 0.7363278269767761], [0.0, 0.0, 0.0, 1.0]], [[0.9835785031318665, -0.10100124031305313, -0.1495731621980667, -0.14368292689323425], [0.166481152176857, 0.8277677893638611, 0.5358027219772339, 0.09347899258136749], [0.06969509273767471, -0.5519051551818848, 0.8309893608093262, 0.7761520147323608], [0.0, 0.0, 0.0, 1.0]], [[0.9300262331962585, 0.2253137081861496, -0.2903186082839966, -0.11471144109964371], [-0.2606693506240845, 0.9613193869590759, -0.08897422254085541, 0.1953030228614807], [0.25904181599617004, 0.15842552483081818, 0.9527846574783325, 0.7331992387771606], [0.0, 0.0, 0.0, 1.0]], [[-0.9995658993721008, 0.015653274953365326, 0.024958742782473564, -0.16182132065296173], [-0.0004051066061947495, -0.8543952107429504, 0.5196235179901123, 0.11304275691509247], [0.02945844642817974, 0.5193878412246704, 0.8540307283401489, 0.7366878390312195], [0.0, 0.0, 0.0, 1.0]], [[0.688021719455719, -0.7256639003753662, -0.0061692725867033005, -0.15527169406414032], [0.7032511830329895, 0.6646257042884827, 0.252409428358078, 0.12856385111808777], [-0.17906416952610016, -0.17800171673297882, 0.9676008224487305, 0.7556155323982239], [0.0, 0.0, 0.0, 1.0]], [[0.9955966472625732, 0.049866992980241776, -0.07937619090080261, -0.14293672144412994], [-0.005847067106515169, 0.8781510591506958, 0.4783478379249573, 0.1111459955573082], [0.09355804324150085, -0.47577738761901855, 0.8745758533477783, 0.7333560585975647], [0.0, 0.0, 0.0, 1.0]], [[-0.9739407300949097, 0.20789878070354462, 0.09065017849206924, -0.1657305508852005], [-0.20992787182331085, -0.9776257276535034, -0.013349476270377636, 0.19400371611118317], [0.08584659546613693, -0.0320315957069397, 0.995793342590332, 0.7409334778785706], [0.0, 0.0, 0.0, 1.0]], [[0.9840169548988342, 0.17032819986343384, 0.051952023059129715, -0.17173050343990326], [-0.12081805616617203, 0.42425668239593506, 0.8974459767341614, 0.0667833536863327], [0.13081936538219452, -0.8893787860870361, 0.4380544424057007, 0.8391220569610596], [0.0, 0.0, 0.0, 1.0]], [[0.9787222743034363, 0.03824816644191742, -0.20159310102462769, -0.12796896696090698], [-0.08372461795806885, 0.9714056849479675, -0.2221735417842865, 0.2201152741909027], [0.18733097612857819, 0.23432449996471405, 0.9539387226104736, 0.7399435639381409], [0.0, 0.0, 0.0, 1.0]], [[0.9945847392082214, 0.0940718725323677, -0.04417967051267624, -0.15082550048828125], [-0.0448286309838295, 0.7718245983123779, 0.6342533826828003, 0.0876423567533493], [0.09376434981822968, -0.6288381814956665, 0.7718619704246521, 0.7589828968048096], [0.0, 0.0, 0.0, 1.0]], [[-0.9714964628219604, -0.22831346094608307, 0.06377694010734558, -0.16398461163043976], [0.22790886461734772, -0.825573742389679, 0.5162222981452942, 0.10214483737945557], [-0.06520793586969376, 0.5160434246063232, 0.8540767431259155, 0.7334868311882019], [0.0, 0.0, 0.0, 1.0]], [[0.9761660099029541, 0.07214272767305374, -0.20468345284461975, -0.12799400091171265], [-0.09955944865942001, 0.9868971109390259, -0.12697213888168335, 0.20271527767181396], [0.19284139573574066, 0.14432404935359955, 0.9705579280853271, 0.7353892922401428], [0.0, 0.0, 0.0, 1.0]], [[-0.9958178400993347, 0.09085866808891296, -0.009565280750393867, -0.15828059613704681], [-0.08938032388687134, -0.947195291519165, 0.3079482316970825, 0.13971583545207977], [0.01891956850886345, 0.30751529335975647, 0.95135498046875, 0.7332686185836792], [0.0, 0.0, 0.0, 1.0]]], "3.0": [[[0.37852126359939575, 0.6067596673965454, 0.6989738345146179, -0.16129565238952637], [-0.5892834663391113, -0.42436710000038147, 0.6875009536743164, -0.3090057075023651], [0.7137693166732788, -0.6721274256706238, 0.1969214826822281, 1.1350560188293457], [0.0, 0.0, 0.0, 1.0]], [[0.37899747490882874, 0.4738948345184326, 0.7948488593101501, -0.22455716133117676], [-0.8837018013000488, -0.06958203762769699, 0.4628494083881378, -0.1529300957918167], [0.27464911341667175, -0.8778281211853027, 0.3924102485179901, 1.3360612392425537], [0.0, 0.0, 0.0, 1.0]], [[0.43169263005256653, 0.5003836154937744, 0.7505049109458923, -0.20835107564926147], [-0.8626742362976074, -0.014027771539986134, 0.5055654048919678, -0.1599959135055542], [0.26350459456443787, -0.8656901121139526, 0.42561236023902893, 1.3095617294311523], [0.0, 0.0, 0.0, 1.0]], [[0.5297860503196716, 0.554467499256134, 0.6417884826660156, -0.21480616927146912], [-0.8169711232185364, 0.13039463758468628, 0.5617431998252869, -0.1680440604686737], [0.22778257727622986, -0.8219263553619385, 0.5220652222633362, 1.310280442237854], [0.0, 0.0, 0.0, 1.0]], [[0.3305855691432953, 0.5392435193061829, 0.7745512127876282, -0.21050213277339935], [-0.9043548703193665, -0.053719814866781235, 0.4233867824077606, -0.15033181011676788], [0.2699173390865326, -0.840434730052948, 0.46990853548049927, 1.3260197639465332], [0.0, 0.0, 0.0, 1.0]], [[0.4501873552799225, 0.8842635154724121, 0.12413443624973297, -0.11030116677284241], [-0.5721539258956909, 0.17892910540103912, 0.8003900647163391, -0.31719449162483215], [0.685544490814209, -0.4313494861125946, 0.5864864587783813, 1.1004419326782227], [0.0, 0.0, 0.0, 1.0]], [[0.5914121270179749, 0.6035027503967285, 0.5348045229911804, -0.19499367475509644], [-0.7195908427238464, 0.09569226205348969, 0.6877732276916504, -0.1830238699913025], [0.36389634013175964, -0.791597843170166, 0.4908686578273773, 1.2948578596115112], [0.0, 0.0, 0.0, 1.0]], [[0.4349784553050995, 0.5066940188407898, 0.7443487644195557, -0.21848906576633453], [-0.8562129139900208, -0.02314521186053753, 0.5161044597625732, -0.16135063767433167], [0.27873513102531433, -0.861815333366394, 0.4237702786922455, 1.3138428926467896], [0.0, 0.0, 0.0, 1.0]], [[0.499101847410202, 0.48407411575317383, 0.718727707862854, -0.21069180965423584], [-0.8485875129699707, 0.10506288707256317, 0.5185180902481079, -0.17615064978599548], [0.17548958957195282, -0.8686966896057129, 0.46321630477905273, 1.3061491250991821], [0.0, 0.0, 0.0, 1.0]]], "4.0": [[[0.9724931716918945, 0.1875990480184555, 0.13807129859924316, 0.5523627400398254], [-0.1716015636920929, 0.17617736756801605, 0.9692855477333069, -0.012106701731681824], [0.15751197934150696, -0.966316819190979, 0.20352353155612946, 0.8052684664726257], [0.0, 0.0, 0.0, 1.0]], [[0.3559630215167999, 0.7813763618469238, 0.5125830173492432, 0.5369779467582703], [-0.6917240023612976, -0.1484939306974411, 0.7067301273345947, 0.08831802010536194], [0.6283376216888428, -0.6061357259750366, 0.4876384735107422, 0.8107930421829224], [0.0, 0.0, 0.0, 1.0]], [[0.8600344061851501, 0.4820501506328583, 0.16723744571208954, 0.5757629871368408], [-0.3830467164516449, 0.3934565484523773, 0.8357434868812561, 0.038228705525398254], [0.337069571018219, -0.7828279137611389, 0.5230339765548706, 0.7902989387512207], [0.0, 0.0, 0.0, 1.0]], [[-0.9881764054298401, 0.15317071974277496, 0.006790046580135822, 0.5785562992095947], [-0.05331118777394295, -0.38478443026542664, 0.9214655756950378, 0.000928729772567749], [0.1437542885541916, 0.9102085828781128, 0.3884006142616272, 0.8241249322891235], [0.0, 0.0, 0.0, 1.0]], [[0.9923372268676758, 0.0678224042057991, 0.10328061133623123, 0.5472629070281982], [-0.11774127930402756, 0.265591561794281, 0.9568688869476318, 0.011410847306251526], [0.03746668994426727, -0.9616970419883728, 0.27154192328453064, 0.8219969868659973], [0.0, 0.0, 0.0, 1.0]], [[0.8924904465675354, 0.33274322748184204, 0.3045371472835541, 0.5315729379653931], [-0.30369141697883606, -0.05593479052186012, 0.9511271119117737, 0.015058234333992004], [0.33351534605026245, -0.9413571953773499, 0.051